# Processed Matrix
0 1600 334 668 657 803 450 699 2182 453 0 1992 0 1181 308 474 460 209 773 394 486 0 0 1311 0 309 380 344 73 0 580 0 579 0
0 307 149 263 260 316 288 272 315 354 324 992 914 705 675 667 746 731 656 785 832 997 1055 1029 1139 1063 1057 1091 1011 981 881 944 763 743
0 201 179 167 161 161 183 158 212 195 211 215 340 44 119 122 184 188 96 294 133 136 388 242 254 318 306 470 375 382 286 141 418 333
0 177 174 170 119 136 170 146 152 157 149 142 174 0 150 52 144 160 105 304 113 99 312 238 176 294 250 263 256 247 176 38 425 300
0 129 112 135 144 121 98 169 190 134 85 105 156 0 80 76 112 104 86 246 101 87 213 165 118 184 216 252 147 179 143 0 357 308
0 153 131 85 119 164 104 151 190 150 87 168 163 0 94 76 95 115 88 199 90 92 185 45 112 136 156 163 189 161 88 0 323 309
0 124 99 74 90 112 152 129 129 110 67 212 248 0 286 97 161 204 100 226 100 73 120 40 123 142 159 193 140 182 92 0 328 292
0 112 79 58 74 87 91 146 142 91 86 196 180 0 245 120 108 102 114 154 46 0 69 47 52 91 101 132 82 84 30 0 299 295
0 108 59 68 56 56 79 132 151 97 57 0 66 0 58 63 71 52 55 171 32 37 58 21 49 88 66 105 68 25 59 0 232 262
0 115 73 46 68 71 63 84 119 96 46 108 65 0 39 46 50 23 63 158 24 0 35 23 54 89 36 99 37 76 0 0 251 244
0 122 74 48 37 49 53 110 84 84 89 60 47 0 34 66 38 46 94 160 43 0 0 0 28 0 28 58 63 77 0 0 239 291
0 106 77 52 55 46 73 98 71 39 62 32 49 0 0 34 0 58 95 122 32 0 23 23 30 28 54 61 0 31 0 0 167 276
0 95 51 53 51 49 53 70 80 46 44 21 32 0 0 31 0 0 120 170 0 0 37 0 23 29 45 70 0 79 0 0 211 237
0 58 45 29 47 47 53 35 63 41 31 76 46 0 23 48 25 42 162 144 0 0 27 0 0 53 38 60 0 97 0 0 253 225
0 55 0 0 0 0 30 58 57 38 28 37 21 0 0 28 35 0 125 126 35 0 0 0 24 34 0 49 31 74 34 0 278 290
0 25 25 0 0 0 0 42 46 31 0 35 36 0 22 44 45 52 214 108 36 0 0 0 48 72 61 111 72 143 44 0 346 255
0 27 0 0 0 0 0 0 0 0 0 0 0 0 0 0 0 0 126 62 0 0 0 0 22 0 34 61 0 74 0 0 289 132
0 0 0 0 0 0 0 0 0 0 0 0 0 0 0 0 0 0 106 56 0 0 0 0 0 60 59 51 61 91 44 0 305 186
0 0 0 0 0 0 0 0 0 0 0 0 0 0 0 0 0 0 100 50 0 0 0 0 25 75 49 76 55 166 95 0 392 211
0 0 0 0 0 0 21 0 0 0 0 0 0 0 0 0 0 28 53 28 0 0 23 41 55 72 60 70 65 118 71 51 248 136
0 190 175 209 149 110 136 156 86 54 60 0 46 0 0 25 67 55 55 61 21 0 0 0 0 28 0 24 23 35 58 36 135 69
0 280 287 254 213 216 234 144 146 165 146 139 159 0 21 183 174 129 98 158 31 0 0 0 0 0 0 0 0 0 0 0 35 0
0 336 366 398 346 323 340 291 240 304 334 262 331 0 445 551 309 208 176 240 142 0 0 0 0 0 0 0 0 0 0 0 53 26
0 531 455 465 377 392 403 332 376 410 458 421 573 0 548 674 495 454 406 515 302 89 180 106 87 106 61 120 85 136 109 0 142 130
0 503 553 498 397 437 458 446 384 450 450 595 749 58 673 735 580 632 677 912 483 164 318 297 265 333 202 277 245 299 266 0 300 295
0 480 458 479 334 372 457 366 362 428 389 635 771 180 556 557 490 648 687 982 471 164 406 537 572 581 435 582 511 518 435 173 573 525
0 407 402 342 318 364 403 334 328 329 334 561 694 37 331 446 478 557 691 969 326 165 409 529 545 711 538 741 627 608 586 264 802 719
0 386 351 349 252 333 372 358 318 334 297 472 582 54 337 361 466 562 662 997 341 155 354 487 501 689 580 715 702 680 585 350 913 741
0 351 350 284 289 267 355 324 310 313 252 381 559 21 266 311 441 544 592 888 359 106 383 520 521 565 525 740 577 691 538 269 969 805
0 329 335 330 281 297 304 299 348 320 221 379 500 0 253 284 387 452 529 846 274 112 382 416 455 561 396 629 548 665 510 169 937 844
0 265 246 324 242 286 336 299 297 275 217 323 413 0 206 266 340 458 495 706 212 92 363 446 349 393 363 482 441 637 396 88 948 837
0 225 220 244 268 317 378 318 301 265 220 257 376 0 241 217 300 392 365 548 214 89 296 321 327 312 407 501 362 486 301 41 958 786
0 231 213 168 189 283 346 283 332 293 192 180 286 0 177 171 243 299 321 606 225 88 191 249 242 352 280 345 323 378 374 0 865 757
0 199 183 135 183 256 340 283 337 289 210 306 259 0 128 196 265 285 247 539 234 82 175 175 225 307 229 291 277 389 379 0 967 729
0 209 147 124 156 182 243 267 348 307 205 176 217 0 157 213 195 277 298 427 190 37 160 250 219 227 246 290 348 407 315 0 828 904
0 184 135 185 115 167 179 188 302 267 183 185 181 0 131 140 152 272 234 427 178 112 201 181 158 201 182 298 256 335 265 0 791 784
0 183 119 142 97 132 197 169 216 231 185 121 204 0 68 88 141 243 227 385 139 95 121 177 150 208 269 262 283 318 186 0 767 743
0 208 127 117 112 148 159 136 185 166 233 253 179 0 108 147 169 156 189 385 164 113 168 128 103 227 175 252 215 274 294 0 776 702
0 186 91 104 109 117 169 118 147 166 163 159 137 0 157 103 157 189 160 381 167 127 149 129 210 267 176 223 259 347 239 0 692 697
0 170 98 98 86 97 112 129 138 108 133 132 121 0 118 132 108 138 182 344 209 126 113 207 211 208 187 186 322 280 230 0 726 854
0 141 124 107 72 71 104 127 139 96 79 62 168 0 95 123 118 115 176 296 142 56 156 168 215 129 157 251 261 280 240 0 891 874
0 150 89 74 67 68 133 86 101 143 67 209 126 0 81 88 160 161 153 265 183 142 159 201 157 144 291 269 293 296 198 0 886 900
0 126 83 80 64 102 120 65 79 97 150 131 136 0 52 212 157 176 115 228 257 136 158 183 126 303 322 264 242 268 334 0 828 798
0 121 100 61 83 74 111 69 56 97 120 99 102 0 135 147 166 135 134 331 242 129 137 123 270 263 327 233 237 474 365 0 842 780
0 95 80 54 61 94 61 62 140 115 87 34 78 0 108 137 166 153 251 316 276 137 143 222 235 244 280 287 482 429 351 0 782 1085
0 77 88 78 104 75 56 107 116 115 66 149 181 0 125 106 154 205 243 310 197 140 295 240 233 233 290 514 525 449 325 0 1134 1061
0 78 56 65 57 50 82 110 87 95 66 196 142 0 130 115 234 233 148 324 235 324 307 237 202 249 470 476 446 481 387 172 1089 1088
0 54 32 38 21 94 89 74 93 80 149 171 114 0 133 251 220 189 181 235 362 322 351 245 262 498 440 418 445 462 733 159 1021 1017
0 52 0 0 75 58 66 90 85 141 126 91 150 0 228 154 196 183 192 409 365 302 296 198 494 462 451 410 428 747 692 229 1055 1039
0 42 27 42 45 46 59 58 156 133 120 171 117 0 219 203 226 219 350 409 379 299 271 517 519 480 475 416 712 666 671 151 1107 1799
0 35 42 57 34 44 32 124 92 120 92 84 216 0 203 164 187 322 315 363 287 273 511 496 493 466 452 720 722 629 601 98 1610 1859
0 69 31 34 31 0 62 86 99 97 77 206 175 0 231 150 361 349 360 375 290 534 466 475 479 468 845 769 700 684 601 702 1602 1763
0 35 0 0 0 80 73 48 71 77 170 140 167 0 220 372 399 310 358 308 466 532 493 490 467 865 861 805 778 685 1231 657 1463 1753
0 26 24 0 52 52 48 44 31 128 206 231 141 0 381 341 389 303 307 612 465 492 537 517 898 857 858 789 780 1312 1214 694 1470 1599
0 0 0 66 67 65 33 39 109 102 143 141 132 0 351 298 336 261 575 586 442 556 521 862 902 877 827 822 1427 1337 1292 728 1496 3256
0 0 37 52 50 28 68 94 115 102 91 67 292 0 341 307 339 515 594 583 418 495 997 838 906 857 897 1408 1407 1369 1308 715 3071 3449
0 51 65 29 42 27 112 121 86 99 94 132 188 0 321 265 466 476 472 541 421 853 911 813 879 849 1366 1426 1408 1321 1299 2062 3276 3360
0 27 0 0 21 80 106 130 108 72 188 238 145 0 276 481 469 497 452 494 840 855 895 797 857 1482 1353 1388 1412 1297 2647 2144 3236 3616
0 0 0 0 80 78 72 94 76 202 149 158 154 0 369 431 384 421 505 790 790 786 855 748 1391 1463 1318 1421 1393 2726 2606 2122 3294 3579
0 0 0 70 73 68 55 74 181 173 176 142 157 83 274 285 400 380 811 777 726 738 812 1369 1309 1413 1332 1373 2869 2693 2637 2152 3236 3663
0 0 83 60 49 60 54 140 136 166 136 129 229 51 329 210 256 773 735 757 720 677 1191 1238 1288 1332 1195 2663 2778 2718 2612 2206 3178 3641
0 0 0 28 45 27 144 103 87 138 130 291 267 93 281 278 387 500 697 673 668 1216 1155 1172 1191 1335 2445 2555 2753 2603 2598 2163 3192 3461
0 0 41 23 24 98 110 122 83 98 197 232 269 61 218 464 448 398 468 633 1071 1194 1116 1106 1091 2376 2444 2433 2628 2615 2522 2171 3210 3527
0 0 0 0 71 97 110 76 88 187 164 209 242 77 584 416 353 445 336 800 1029 1051 1075 1035 2128 2208 2254 2404 2481 2448 2473 2069 3100 3409
0 0 0 68 74 93 79 55 171 204 135 144 155 250 551 469 354 378 760 601 698 1027 911 2083 2122 2093 2097 2193 2442 2360 2358 2118 3021 3398
0 0 28 44 39 49 52 149 149 166 160 145 260 179 494 418 399 641 679 707 498 711 1850 1913 2011 2035 1988 2055 2281 2330 2259 2003 3016 3276
0 0 29 35 0 42 136 120 136 142 118 321 253 129 382 405 712 717 619 602 631 1071 1244 1825 1851 1935 1909 1914 2092 2144 2209 1883 2848 3242
0 0 27 0 0 83 134 103 76 119 274 263 246 102 317 521 688 680 700 557 1089 1258 954 1257 1776 1769 1885 1877 1991 1975 2012 1908 2694 3057
0 0 0 0 100 62 103 87 63 225 259 226 202 96 493 421 538 628 668 1188 1006 1085 1144 935 1191 1719 1679 1800 1966 1863 1908 1723 2642 2926
0 0 0 52 42 54 80 67 188 179 192 224 154 315 490 418 401 478 1157 1125 1142 1030 972 1122 917 1166 1622 1639 1857 1815 1760 1634 2387 2771
0 0 0 38 23 38 67 184 155 173 172 182 379 234 387 414 404 759 927 1049 1080 1124 878 940 1056 852 1101 1534 1671 1760 1701 1507 2208 2578
0 0 23 0 0 35 132 151 155 121 187 368 302 221 343 373 801 724 734 843 982 1087 1038 897 909 1024 806 1041 1571 1498 1647 1469 2055 2347
0 0 0 0 0 83 86 112 92 117 254 318 279 191 349 641 689 734 711 652 801 978 967 973 837 867 944 768 1044 1418 1470 1362 1991 2178
0 0 0 0 54 63 65 76 88 217 257 273 228 120 573 567 598 631 728 632 626 787 870 944 934 799 819 939 758 947 1349 1172 1877 2176
0 0 0 37 40 59 54 39 155 195 167 235 209 345 496 516 534 554 614 658 613 647 675 843 861 883 714 754 906 684 895 1165 1672 2016
0 0 0 0 22 0 0 103 112 141 152 205 385 81 418 461 462 521 551 539 601 598 525 663 787 786 810 684 768 823 634 731 1515 1751
0 0 0 0 34 0 81 124 70 112 114 287 316 0 441 417 421 438 470 465 503 568 526 535 632 709 734 781 678 707 777 557 1032 1649
0 0 0 0 0 66 69 69 83 90 206 244 251 0 407 350 354 351 402 403 443 458 523 474 454 573 662 688 786 632 606 651 739 1116
0 0 0 0 21 29 68 49 48 147 171 223 213 0 324 284 321 311 349 350 383 417 409 474 464 441 491 645 674 651 542 519 854 764
0 0 0 32 22 41 45 46 110 122 139 189 178 0 285 236 267 261 295 308 313 349 317 366 403 371 373 471 597 575 601 462 697 892
0 0 0 32 0 29 28 79 81 91 125 140 168 125 237 187 172 208 241 247 276 308 287 317 312 359 348 357 448 532 491 479 546 685
0 0 0 0 0 0 62 61 34 61 72 115 109 93 155 173 144 160 213 198 217 239 224 268 267 296 338 309 315 362 401 393 619 613
0 0 0 0 0 61 59 51 51 51 70 107 111 74 119 102 120 120 159 180 137 206 202 202 215 217 237 276 305 283 299 351 515 594
0 0 0 0 48 35 64 33 40 0 59 75 71 42 107 87 116 97 102 102 129 152 142 135 152 178 218 178 273 245 188 262 389 514
0 0 0 43 0 0 35 25 0 30 33 53 77 24 77 70 68 53 75 89 88 128 102 137 143 153 155 144 192 213 161 179 326 432
0 0 0 0 0 0 0 0 0 0 0 95 31 0 144 22 64 0 45 48 89 120 0 33 54 117 21 0 150 117 60 0 64 512
