death Matrix:
         0          0          0          0          0          0          0          0          0          0          0          0          0          0          0          0          0          0          0          0          0          0          0          0          0          0          0          0          0          0          0          0          0   0.093005
         0          0          0          0          0          0          0          0          0          0          0          0          0          0          0          0          0          0          0          0          0          0          0          0          0          0          0          0          0          0          0          0     0.0016     0.0001
         0          0          0          0          0          0          0          0          0          0          0          0          0          0          0          0          0          0          0          0          0          0          0          0          0          0          0          0          0          0          0  0.0190247     0.0001     0.0001
         0          0          0          0          0          0          0          0          0          0          0          0          0          0          0          0          0          0          0          0          0          0          0          0          0          0          0          0          0          0     0.0014     0.0001     0.0001     0.0001
         0          0          0          0          0          0          0          0          0          0          0          0          0          0          0          0          0          0          0          0          0          0          0          0          0          0          0          0          0     0.0016     0.0001     0.0001     0.0001     0.0001
         0          0          0          0          0          0          0          0          0          0          0          0          0          0          0          0          0          0          0          0          0          0          0          0          0          0          0          0     0.0019     0.0001     0.0001     0.0001     0.0001     0.0001
         0          0          0          0          0          0          0          0          0          0          0          0          0          0          0          0          0          0          0          0          0          0          0          0          0          0          0     0.0024     0.0001     0.0001     0.0001 0.00599735     0.0001     0.0001
         0          0          0          0          0          0          0          0          0          0          0          0          0          0          0          0          0          0          0          0          0          0          0          0          0          0     0.0025     0.0001     0.0001     0.0001     0.0001  0.0121727     0.0001     0.0001
         0          0          0          0          0          0          0          0          0          0          0          0          0          0          0          0          0          0          0          0          0          0          0          0          0     0.0012     0.0001     0.0001     0.0001     0.0001     0.0001  0.0116094     0.0001     0.0001
         0          0          0          0          0          0          0          0          0          0          0          0          0          0          0          0          0          0          0          0          0          0          0          0  0.0502638     0.0001     0.0001     0.0001     0.0001     0.0001     0.0001   0.010615     0.0001     0.0001
         0          0          0          0          0          0          0          0          0          0          0          0          0          0          0          0          0          0          0          0          0          0          0     0.0021     0.0001     0.0001     0.0001     0.0001     0.0001     0.0001     0.0001  0.0210972     0.0001     0.0001
         0          0          0          0          0          0          0          0          0          0          0          0          0          0          0          0          0          0          0          0          0          0  0.0510506     0.0002     0.0001     0.0001     0.0001     0.0001     0.0001     0.0001     0.0001  0.0221128     0.0001     0.0001
         0          0          0          0          0          0          0          0          0          0          0          0          0          0          0          0          0          0          0          0          0  0.0430824     0.0001     0.0002     0.0001     0.0001     0.0001     0.0001     0.0001     0.0001     0.0001  0.0222232     0.0001     0.0001
         0          0          0          0          0          0          0          0          0          0          0          0          0          0          0          0          0          0          0          0     0.0021     0.0001     0.0001     0.0002     0.0001     0.0001     0.0001     0.0001     0.0001     0.0001     0.0001  0.0240887     0.0001     0.0001
         0          0          0          0          0          0          0          0          0          0          0          0          0          0          0          0          0          0          0     0.0017     0.0001     0.0001     0.0001     0.0002     0.0001     0.0001     0.0001     0.0001     0.0001     0.0001 0.00276706  0.0232158     0.0001     0.0001
         0          0          0          0          0          0          0          0          0          0          0          0          0          0          0          0          0          0     0.0017     0.0002     0.0001     0.0001     0.0001     0.0001     0.0001     0.0001     0.0001     0.0001     0.0001     0.0001     0.0001  0.0208888     0.0001     0.0002
         0          0          0          0          0          0          0          0          0          0          0          0          0          0          0          0          0     0.0015     0.0002     0.0002     0.0001     0.0001     0.0001     0.0001     0.0001     0.0001     0.0001     0.0001     0.0001     0.0001 0.00181783  0.0208366     0.0001     0.0002
         0          0          0          0          0          0          0          0          0          0          0          0          0          0          0          0     0.0024     0.0001     0.0002     0.0002     0.0001     0.0001     0.0001     0.0001     0.0001     0.0001     0.0001     0.0001     0.0001     0.0001 0.00167433  0.0213368     0.0001     0.0002
         0          0          0          0          0          0          0          0          0          0          0          0          0          0          0     0.0017     0.0001     0.0001     0.0002     0.0002     0.0001     0.0001     0.0001 0.00230868     0.0001     0.0001     0.0001     0.0001     0.0001     0.0001     0.0001  0.0284879     0.0001     0.0002
         0          0          0          0          0          0          0          0          0          0          0          0          0          0     0.0018     0.0002     0.0001     0.0001     0.0002     0.0001     0.0001     0.0001     0.0001     0.0001     0.0001     0.0001     0.0001     0.0001     0.0001     0.0001     0.0001  0.0290166     0.0001     0.0002
         0          0          0          0          0          0          0          0          0          0          0          0          0     0.0022     0.0002     0.0002     0.0001     0.0001     0.0001     0.0001     0.0001     0.0001     0.0001     0.0001     0.0001     0.0001     0.0001     0.0001     0.0001     0.0001     0.0001  0.0147121     0.0001     0.0001
         0          0          0          0          0          0          0          0          0          0          0          0   0.012845     0.0002     0.0002     0.0002     0.0001     0.0001     0.0001     0.0001     0.0001     0.0001     0.0001     0.0001     0.0001     0.0001     0.0001     0.0001     0.0001     0.0001     0.0001 0.00759824     0.0002     0.0001
         0          0          0          0          0          0          0          0          0          0          0     0.0021     0.0001     0.0002     0.0002     0.0002     0.0001     0.0001     0.0001     0.0001     0.0001     0.0001     0.0001     0.0001     0.0001     0.0001     0.0001     0.0001     0.0001     0.0001     0.0001  0.0194926     0.0002     0.0001
         0          0          0          0          0          0          0          0          0          0  0.0835891     0.0002     0.0001 0.00542578     0.0002     0.0001     0.0001     0.0001     0.0001     0.0001     0.0001 0.00216305     0.0001     0.0001     0.0001     0.0002     0.0001     0.0001     0.0001     0.0001     0.0002  0.0245366     0.0002     0.0001
         0          0          0          0          0          0          0          0          0     0.0034     0.0003     0.0002     0.0001 0.00796876     0.0001     0.0001     0.0001     0.0001     0.0001     0.0001     0.0001     0.0001     0.0001     0.0001     0.0002     0.0002     0.0001     0.0001     0.0001     0.0001     0.0002  0.0228116     0.0002     0.0001
         0          0          0          0          0          0          0          0     0.0041     0.0002     0.0003     0.0002     0.0001  0.0174515     0.0001     0.0001     0.0001     0.0001     0.0001     0.0001     0.0001     0.0001     0.0001     0.0002     0.0002     0.0002     0.0001     0.0001     0.0002     0.0001     0.0002  0.0171896     0.0002     0.0002
         0          0          0          0          0          0          0     0.0031     0.0003     0.0002     0.0003     0.0002     0.0001 0.00699361     0.0001     0.0001     0.0001     0.0001     0.0001     0.0001     0.0001     0.0001     0.0002     0.0002     0.0002     0.0002     0.0001     0.0001     0.0002     0.0001     0.0002     0.0002     0.0001     0.0002
         0          0          0          0          0          0     0.0035     0.0001     0.0003     0.0002     0.0003     0.0001     0.0001 0.00273019     0.0001     0.0001     0.0001     0.0001     0.0001     0.0001     0.0001     0.0002     0.0002     0.0002     0.0002     0.0002     0.0002     0.0001     0.0002     0.0001     0.0002     0.0002     0.0001     0.0002
         0          0          0          0          0     0.0032     0.0002     0.0001     0.0003     0.0002     0.0002     0.0001     0.0001 0.00725481     0.0001     0.0001     0.0001     0.0001     0.0001     0.0001     0.0001     0.0002     0.0002     0.0002     0.0002     0.0002     0.0002     0.0001     0.0002     0.0001     0.0002     0.0002     0.0001     0.0002
         0          0          0          0      0.004     0.0002     0.0002     0.0001     0.0003     0.0001     0.0002     0.0001     0.0001  0.0071152     0.0002     0.0001     0.0001     0.0001     0.0001     0.0002     0.0001 0.00188122     0.0002     0.0002 0.00161482     0.0002 0.00166072     0.0001     0.0002     0.0002     0.0002     0.0002     0.0001     0.0002
         0          0          0     0.0043     0.0003     0.0002     0.0002     0.0001     0.0001     0.0001     0.0002     0.0001     0.0001 0.00793305     0.0002     0.0001     0.0001     0.0001     0.0001     0.0002     0.0001     0.0002     0.0002     0.0002     0.0001     0.0002     0.0002     0.0001     0.0002     0.0002     0.0002     0.0002     0.0001     0.0002
         0          0     0.0044     0.0003     0.0003     0.0002     0.0002     0.0001     0.0001     0.0001     0.0002     0.0001     0.0001 0.00491431     0.0002     0.0001     0.0001     0.0002     0.0001     0.0002     0.0001     0.0002     0.0002     0.0002     0.0001     0.0002     0.0002     0.0002     0.0002     0.0002     0.0002     0.0002     0.0003     0.0002
         0     0.0048     0.0003     0.0003     0.0003     0.0002     0.0001     0.0001     0.0001     0.0001     0.0002     0.0001     0.0001 0.00785363     0.0002     0.0001     0.0002     0.0002     0.0001     0.0002     0.0001 0.00156734     0.0002     0.0002     0.0001     0.0002     0.0002     0.0002     0.0002     0.0002     0.0002     0.0002     0.0003     0.0002
    0.0062     0.0003     0.0003     0.0003     0.0003     0.0002     0.0001     0.0001     0.0001     0.0001     0.0002     0.0001     0.0001 0.00531265     0.0002     0.0001     0.0002     0.0002     0.0001     0.0002     0.0002     0.0002     0.0002     0.0002     0.0001     0.0002     0.0002     0.0002     0.0002     0.0002     0.0002  0.0048965     0.0003     0.0002
    0.0002     0.0003     0.0003     0.0003     0.0001     0.0002     0.0001     0.0001     0.0001     0.0002     0.0002     0.0001     0.0001 0.00338108     0.0003     0.0001     0.0002     0.0002     0.0001     0.0002     0.0002     0.0002     0.0002     0.0002     0.0001     0.0002     0.0002     0.0002     0.0002     0.0003     0.0002  0.0144507     0.0003     0.0002
    0.0002     0.0003     0.0003     0.0002     0.0001     0.0002     0.0001     0.0001     0.0002     0.0002     0.0002     0.0001     0.0001  0.0049399     0.0003     0.0001     0.0002     0.0002     0.0003     0.0002     0.0002     0.0002     0.0002     0.0002     0.0001     0.0002     0.0002     0.0002     0.0003     0.0003     0.0002  0.0160878     0.0003     0.0004
    0.0002     0.0003     0.0001     0.0002     0.0001     0.0002     0.0001     0.0001     0.0002     0.0002     0.0002     0.0001     0.0003 0.00616509     0.0003     0.0001     0.0002     0.0002     0.0003     0.0002     0.0002     0.0002     0.0002     0.0002     0.0001     0.0002     0.0002     0.0003     0.0003     0.0003     0.0002  0.0134647     0.0005     0.0004
    0.0002     0.0002     0.0001     0.0002     0.0001     0.0002     0.0002     0.0001     0.0002     0.0002     0.0002     0.0003     0.0003 0.00701228     0.0003     0.0001     0.0002     0.0002     0.0003     0.0002     0.0002     0.0002     0.0002     0.0002     0.0001     0.0002     0.0002     0.0003     0.0003     0.0003     0.0002  0.0184745     0.0005     0.0004
    0.0001     0.0002     0.0001     0.0002     0.0001     0.0002     0.0002     0.0001     0.0002     0.0002     0.0002 0.00244549     0.0003 0.00630861     0.0003     0.0003     0.0002     0.0002     0.0003     0.0002     0.0002     0.0002     0.0002     0.0002     0.0001     0.0003     0.0002     0.0003     0.0003     0.0003     0.0004  0.0201187     0.0005     0.0004
    0.0001     0.0002     0.0001     0.0002     0.0002     0.0002     0.0002     0.0001     0.0002     0.0003     0.0002     0.0003     0.0003 0.00876334     0.0003     0.0003     0.0002     0.0002     0.0003     0.0002     0.0002     0.0002     0.0002     0.0002     0.0002     0.0003     0.0002     0.0003     0.0003     0.0003     0.0004  0.0226558     0.0005     0.0004
    0.0001     0.0002     0.0001     0.0002     0.0002     0.0002     0.0002     0.0001     0.0003     0.0003     0.0002     0.0003     0.0003 0.00684822     0.0003     0.0003     0.0002     0.0002     0.0003     0.0002     0.0002     0.0002     0.0002     0.0003     0.0002     0.0003     0.0002     0.0003     0.0004     0.0003     0.0004  0.0232277     0.0005     0.0006
    0.0001     0.0002     0.0002     0.0002     0.0002     0.0002     0.0002     0.0002     0.0003     0.0003     0.0002     0.0003     0.0003     0.0004     0.0003     0.0003     0.0002     0.0002     0.0003     0.0002     0.0002     0.0002     0.0004     0.0003     0.0002     0.0003     0.0002     0.0003     0.0004     0.0003     0.0004  0.0249326     0.0005     0.0006
    0.0001     0.0003     0.0002     0.0002     0.0002     0.0002     0.0003     0.0002     0.0003     0.0003     0.0002     0.0002     0.0003     0.0004     0.0003     0.0003     0.0003     0.0002     0.0003     0.0002     0.0002     0.0003     0.0004     0.0003     0.0002     0.0003     0.0003     0.0003     0.0004     0.0003     0.0004  0.0275188     0.0005     0.0006
    0.0002     0.0003     0.0002     0.0002     0.0002     0.0002     0.0003     0.0002     0.0003     0.0003     0.0002     0.0002     0.0003     0.0004     0.0003     0.0002     0.0003     0.0002     0.0003     0.0002     0.0002     0.0003     0.0004     0.0003     0.0002     0.0004     0.0003     0.0003     0.0004     0.0003     0.0006  0.0226156     0.0005     0.0006
    0.0002     0.0003     0.0002     0.0002     0.0003     0.0002     0.0003     0.0002     0.0003     0.0003     0.0002     0.0002     0.0003     0.0004     0.0002     0.0002     0.0003     0.0002     0.0003     0.0003     0.0002     0.0003     0.0004     0.0003     0.0003     0.0004     0.0003     0.0003     0.0004     0.0006     0.0006  0.0235935     0.0005     0.0006
    0.0002     0.0003     0.0002     0.0002     0.0003     0.0002     0.0003     0.0002     0.0002     0.0003     0.0002     0.0002     0.0003     0.0003     0.0002     0.0002     0.0003     0.0002     0.0003     0.0003     0.0002     0.0003     0.0004     0.0004     0.0003     0.0004     0.0003     0.0003     0.0005     0.0006     0.0006  0.0255844     0.0005     0.0009
    0.0002     0.0003     0.0003     0.0002     0.0003     0.0002     0.0003     0.0003     0.0002     0.0003     0.0002     0.0002     0.0003     0.0003     0.0002     0.0002     0.0003     0.0003     0.0003     0.0003     0.0002     0.0003     0.0005     0.0004     0.0003     0.0004     0.0003     0.0005     0.0005     0.0006     0.0006  0.0256041      0.001     0.0009
    0.0002     0.0003     0.0003     0.0002     0.0003     0.0002     0.0003     0.0003     0.0002     0.0003     0.0002     0.0002     0.0003     0.0003     0.0002     0.0002     0.0004     0.0003     0.0003     0.0003     0.0002     0.0004     0.0005     0.0004     0.0003     0.0004     0.0008     0.0005     0.0005     0.0006     0.0006  0.0229245      0.001     0.0009
    0.0002     0.0003     0.0003     0.0002     0.0003     0.0003     0.0003     0.0003     0.0002     0.0003     0.0003     0.0002     0.0003     0.0003     0.0002     0.0004     0.0004     0.0003     0.0003     0.0003     0.0005     0.0004     0.0005     0.0004     0.0003     0.0006     0.0008     0.0005     0.0005     0.0006      0.001  0.0180387      0.001     0.0009
    0.0002     0.0003     0.0003     0.0002     0.0003     0.0003     0.0003     0.0003     0.0002     0.0003     0.0003     0.0002     0.0003     0.0003     0.0003     0.0004     0.0004     0.0003     0.0003     0.0004     0.0005     0.0004     0.0005     0.0004     0.0007     0.0006     0.0008     0.0005     0.0005     0.0009      0.001  0.0137005      0.001     0.0009
    0.0002     0.0003     0.0003     0.0003     0.0003     0.0003     0.0003     0.0003     0.0004     0.0003     0.0003     0.0002     0.0003 0.00523218     0.0003     0.0004     0.0004     0.0003     0.0005     0.0004     0.0005     0.0004     0.0005     0.0007     0.0007     0.0006     0.0008     0.0005      0.001     0.0009      0.001  0.0152739      0.001     0.0015
    0.0002     0.0003     0.0003     0.0003     0.0003     0.0003     0.0003     0.0003     0.0004     0.0003     0.0003     0.0002     0.0004 0.00745127     0.0003     0.0004     0.0004     0.0004     0.0005     0.0004     0.0005     0.0004     0.0007     0.0007     0.0007     0.0006     0.0008     0.0011      0.001     0.0009      0.001  0.0164674     0.0016     0.0015
    0.0002     0.0004     0.0003     0.0003     0.0003     0.0003     0.0004     0.0003     0.0004     0.0003     0.0003     0.0005     0.0004  0.0117565     0.0003     0.0004     0.0005     0.0004     0.0005     0.0004     0.0005     0.0008     0.0007     0.0007     0.0007     0.0006     0.0011     0.0011      0.001     0.0009      0.001  0.0173573     0.0016     0.0015
    0.0004     0.0004     0.0003     0.0003     0.0003     0.0003     0.0004     0.0003     0.0004     0.0003     0.0005     0.0005     0.0004  0.0136503     0.0003     0.0005     0.0005     0.0004     0.0005     0.0004     0.0007     0.0008     0.0007     0.0007     0.0007     0.0011     0.0011     0.0011      0.001     0.0009     0.0017     0.0018     0.0016     0.0015
    0.0004     0.0004     0.0003     0.0003     0.0003     0.0003     0.0004     0.0003     0.0004     0.0004     0.0005     0.0005     0.0004  0.0176459     0.0005     0.0005     0.0005     0.0004     0.0005     0.0007     0.0007     0.0008     0.0007     0.0007     0.0012     0.0011     0.0011     0.0011      0.001     0.0017     0.0017     0.0018     0.0016     0.0015
    0.0004     0.0004     0.0003     0.0003     0.0003     0.0003     0.0004     0.0003     0.0004     0.0004     0.0005     0.0005     0.0004  0.0197359     0.0005     0.0005     0.0005     0.0004     0.0009     0.0007     0.0007     0.0008     0.0007     0.0011     0.0012     0.0011     0.0011     0.0011     0.0018     0.0017     0.0017     0.0018     0.0016     0.0026
    0.0004     0.0004     0.0004     0.0003     0.0003     0.0003     0.0004     0.0005     0.0004     0.0004     0.0005     0.0005     0.0007  0.0185077     0.0005     0.0005     0.0005     0.0009     0.0009     0.0007     0.0007     0.0008     0.0013     0.0011     0.0012     0.0011     0.0011      0.002     0.0018     0.0017     0.0017     0.0018     0.0027     0.0026
    0.0004     0.0004     0.0004     0.0003     0.0003     0.0003     0.0005     0.0005     0.0004     0.0004     0.0005     0.0006     0.0007  0.0183883     0.0005     0.0005     0.0009     0.0009     0.0009     0.0007     0.0007     0.0013     0.0013     0.0011     0.0012     0.0011     0.0018      0.002     0.0018     0.0017     0.0017     0.0026     0.0027     0.0026
    0.0004     0.0004     0.0004     0.0003     0.0003     0.0005     0.0005     0.0005     0.0004     0.0004     0.0007     0.0006     0.0007  0.0177143     0.0005     0.0009     0.0009     0.0009     0.0009     0.0007     0.0012     0.0013     0.0013     0.0011     0.0012     0.0019     0.0018      0.002     0.0018     0.0017     0.0027     0.0026     0.0027     0.0026
    0.0004     0.0004     0.0004     0.0003     0.0004     0.0005     0.0005     0.0005     0.0004     0.0006     0.0007     0.0006     0.0007  0.0196571      0.001     0.0009     0.0009     0.0009     0.0009     0.0013     0.0012     0.0013     0.0013     0.0011     0.0019     0.0019     0.0018      0.002     0.0018     0.0028     0.0027     0.0026     0.0027     0.0026
    0.0004     0.0004     0.0004     0.0005     0.0004     0.0005     0.0005     0.0005     0.0006     0.0006     0.0007     0.0006     0.0007  0.0189206      0.001     0.0009     0.0009     0.0009     0.0012     0.0013     0.0012     0.0013     0.0013      0.002     0.0019     0.0019     0.0018      0.002     0.0027     0.0028     0.0027     0.0026     0.0027     0.0039
    0.0004     0.0004     0.0006     0.0005     0.0004     0.0005     0.0005     0.0007     0.0006     0.0006     0.0007     0.0006     0.0008  0.0195922      0.001     0.0009     0.0009     0.0014     0.0012     0.0013     0.0012     0.0013      0.002      0.002     0.0019     0.0019     0.0018      0.003     0.0027     0.0028     0.0027     0.0026     0.0045     0.0039
    0.0004     0.0005     0.0006     0.0005     0.0004     0.0005     0.0007     0.0007     0.0006     0.0006     0.0007     0.0009     0.0008   0.019158      0.001     0.0009     0.0014     0.0014     0.0012     0.0013     0.0012     0.0021      0.002      0.002     0.0019     0.0019      0.003      0.003     0.0027     0.0028     0.0027     0.0043     0.0045     0.0039
    0.0006     0.0005     0.0006     0.0005     0.0004     0.0008     0.0007     0.0007     0.0006     0.0006      0.001     0.0009     0.0008  0.0168811      0.001     0.0014     0.0014     0.0014     0.0012     0.0013     0.0019     0.0021      0.002      0.002     0.0019     0.0031      0.003      0.003     0.0027     0.0028     0.0038     0.0043     0.0045     0.0039
    0.0006     0.0005     0.0006     0.0005     0.0008     0.0008     0.0007     0.0007     0.0006      0.001      0.001     0.0009     0.0008  0.0154522     0.0015     0.0014     0.0014     0.0014     0.0012     0.0022     0.0019     0.0021      0.002      0.002     0.0032     0.0031      0.003      0.003     0.0027     0.0042     0.0038     0.0043     0.0045     0.0039
    0.0006     0.0005     0.0006     0.0008     0.0008     0.0008     0.0007     0.0007      0.001      0.001      0.001     0.0009     0.0008  0.0143173     0.0015     0.0014     0.0014     0.0014     0.0023     0.0022     0.0019     0.0021      0.002      0.003     0.0032     0.0031      0.003      0.003     0.0044     0.0042     0.0038     0.0043     0.0045     0.0063
    0.0006     0.0005     0.0007     0.0008     0.0008     0.0008     0.0007     0.0011      0.001      0.001      0.001     0.0009     0.0015  0.0138431     0.0015     0.0014     0.0014     0.0021     0.0023     0.0022     0.0019     0.0021     0.0033      0.003     0.0032     0.0031      0.003     0.0045     0.0044     0.0042     0.0038     0.0043      0.007     0.0063
    0.0006     0.0007     0.0007     0.0008     0.0008     0.0008     0.0011     0.0011      0.001      0.001      0.001     0.0015     0.0015  0.0124406     0.0015     0.0014     0.0024     0.0021     0.0023     0.0022     0.0019     0.0029     0.0033      0.003     0.0032     0.0031     0.0043     0.0045     0.0044     0.0042     0.0038     0.0068      0.007     0.0063
     0.001     0.0007     0.0007     0.0008     0.0008     0.0012     0.0011     0.0011      0.001      0.001     0.0017     0.0015     0.0015  0.0137754     0.0015     0.0025     0.0024     0.0021     0.0023     0.0022     0.0033     0.0029     0.0033      0.003     0.0032     0.0045     0.0043     0.0045     0.0044     0.0042     0.0065     0.0068      0.007     0.0063
     0.001     0.0007     0.0007     0.0008     0.0011     0.0012     0.0011     0.0011      0.001     0.0019     0.0017     0.0015     0.0015 0.00888723     0.0025     0.0025     0.0024     0.0021     0.0023     0.0033     0.0033     0.0029     0.0033      0.003     0.0044     0.0045     0.0043     0.0045     0.0044     0.0063     0.0065     0.0068      0.007     0.0063
     0.001     0.0007     0.0007     0.0013     0.0011     0.0012     0.0011     0.0011     0.0017     0.0019     0.0017     0.0015     0.0015  0.0232546     0.0025     0.0025     0.0024     0.0021     0.0036     0.0033     0.0033     0.0029     0.0033     0.0051     0.0044     0.0045     0.0043     0.0045     0.0066     0.0063     0.0065     0.0068      0.007     0.0109
     0.001     0.0007     0.0013     0.0013     0.0011     0.0012     0.0011     0.0018     0.0017     0.0019     0.0017     0.0015     0.0028  0.0202296     0.0025     0.0025     0.0024     0.0037     0.0036     0.0033     0.0033     0.0029     0.0051     0.0051     0.0044     0.0045     0.0043      0.007     0.0066     0.0063     0.0065     0.0068     0.0113     0.0109
     0.001     0.0014     0.0013     0.0013     0.0011     0.0012     0.0018     0.0018     0.0017     0.0019     0.0017     0.0026     0.0028  0.0193183     0.0025     0.0025      0.004     0.0037     0.0036     0.0033     0.0033     0.0052     0.0051     0.0051     0.0044     0.0045      0.007      0.007     0.0066     0.0063     0.0065     0.0108     0.0113     0.0109
    0.0014     0.0014     0.0013     0.0013     0.0011      0.002     0.0018     0.0018     0.0017     0.0019     0.0028     0.0026     0.0028  0.0185933     0.0025     0.0038      0.004     0.0037     0.0036     0.0033     0.0053     0.0052     0.0051     0.0051     0.0044     0.0071      0.007      0.007     0.0066     0.0063     0.0101     0.0108     0.0113     0.0109
    0.0014     0.0014     0.0013     0.0013     0.0021      0.002     0.0018     0.0018     0.0017     0.0026     0.0028     0.0026     0.0028  0.0138444     0.0045     0.0038      0.004     0.0037     0.0036      0.005     0.0053     0.0052     0.0051     0.0051     0.0075     0.0071      0.007      0.007     0.0066     0.0109     0.0101     0.0108     0.0113     0.0109
    0.0014     0.0014     0.0013     0.0019     0.0021      0.002     0.0018     0.0018     0.0032     0.0026     0.0028     0.0026     0.0028   0.011603     0.0045     0.0038      0.004     0.0037     0.0057      0.005     0.0053     0.0052     0.0051     0.0078     0.0075     0.0071      0.007      0.007     0.0113     0.0109     0.0101     0.0108     0.0113     0.0195
    0.0014     0.0014     0.0022     0.0019     0.0021      0.002     0.0018     0.0032     0.0032     0.0026     0.0028     0.0026     0.0042 0.00973039     0.0045     0.0038      0.004     0.0058     0.0057      0.005     0.0053     0.0052     0.0087     0.0078     0.0075     0.0071      0.007     0.0116     0.0113     0.0109     0.0101     0.0108     0.0221     0.0195
    0.0014     0.0019     0.0022     0.0019     0.0021      0.002     0.0034     0.0032     0.0032     0.0026     0.0028     0.0046     0.0042  0.0175717     0.0045     0.0038     0.0064     0.0058     0.0057      0.005     0.0053      0.009     0.0087     0.0078     0.0075     0.0071     0.0115     0.0116     0.0113     0.0109     0.0101     0.0219     0.0221     0.0195
    0.0024     0.0019     0.0022     0.0019     0.0021     0.0035     0.0034     0.0032     0.0032     0.0026     0.0043     0.0046     0.0042  0.0147851     0.0045      0.007     0.0064     0.0058     0.0057      0.005     0.0088      0.009     0.0087     0.0078     0.0075     0.0132     0.0115     0.0116     0.0113     0.0109     0.0186     0.0219     0.0221     0.0195
    0.0024     0.0019     0.0022     0.0019     0.0037     0.0035     0.0034     0.0032     0.0032     0.0048     0.0043     0.0046     0.0042     0.0039     0.0067      0.007     0.0064     0.0058     0.0057     0.0097     0.0088      0.009     0.0087     0.0078     0.0135     0.0132     0.0115     0.0116     0.0113     0.0207     0.0186     0.0219     0.0221     0.0195
    0.0024     0.0019     0.0022     0.0039     0.0037     0.0035     0.0034     0.0032     0.0051     0.0048     0.0043     0.0046     0.0042     0.0071     0.0067      0.007     0.0064     0.0058     0.0098     0.0097     0.0088      0.009     0.0087     0.0142     0.0135     0.0132     0.0115     0.0116     0.0223     0.0207     0.0186     0.0219     0.0221      0.041
    0.0024     0.0019     0.0039     0.0039     0.0037     0.0035     0.0034     0.0053     0.0051     0.0048     0.0043     0.0046     0.0076     0.0071     0.0067      0.007     0.0064     0.0097     0.0098     0.0097     0.0088      0.009     0.0145     0.0142     0.0135     0.0132     0.0115     0.0222     0.0223     0.0207     0.0186     0.0219     0.0436      0.041
    0.0024     0.0037     0.0039     0.0039     0.0037     0.0035     0.0055     0.0053     0.0051     0.0048     0.0043     0.0072     0.0076     0.0071     0.0067      0.007     0.0102     0.0097     0.0098     0.0097     0.0088     0.0147     0.0145     0.0142     0.0135     0.0132     0.0235     0.0222     0.0223     0.0207     0.0186     0.0397     0.0436      0.041
    0.0042     0.0037     0.0039     0.0039     0.0037     0.0062     0.0055     0.0053     0.0051     0.0048     0.0081     0.0072     0.0076     0.0071     0.0067     0.0108     0.0102     0.0097     0.0098     0.0097     0.0151     0.0147     0.0145     0.0142     0.0135     0.0244     0.0235     0.0222     0.0223     0.0207     0.0384     0.0397     0.0436      0.041
    0.0042     0.0037     0.0039     0.0039     0.0066     0.0062     0.0055     0.0053     0.0051     0.0082     0.0081     0.0072     0.0076     0.0071      0.012     0.0108     0.0102     0.0097     0.0098     0.0158     0.0151     0.0147     0.0145     0.0142     0.0259     0.0244     0.0235     0.0222     0.0223     0.0389     0.0384     0.0397     0.0436      0.041
    0.0042     0.0037     0.0039     0.0067     0.0066     0.0062     0.0055     0.0053     0.0096     0.0082     0.0081     0.0072     0.0076     0.0125      0.012     0.0108     0.0102     0.0097     0.0187     0.0158     0.0151     0.0147     0.0145     0.0263     0.0259     0.0244     0.0235     0.0222     0.0432     0.0389     0.0384     0.0397     0.0436     0.1206
    0.0042     0.0037     0.0064     0.0067     0.0066     0.0062     0.0055     0.0093     0.0096     0.0082     0.0081     0.0072     0.0129     0.0125      0.012     0.0108     0.0102     0.0205     0.0187     0.0158     0.0151     0.0147     0.0263     0.0263     0.0259     0.0244     0.0235     0.0454     0.0432     0.0389     0.0384     0.0397      0.122     0.1206
    0.0042     0.0066     0.0064     0.0067     0.0066     0.0062     0.0094     0.0093     0.0096     0.0082     0.0081     0.0129     0.0129     0.0125      0.012     0.0108     0.0175     0.0205     0.0187     0.0158     0.0151      0.029     0.0263     0.0263     0.0259     0.0244     0.0437     0.0454     0.0432     0.0389     0.0384     0.1091      0.122     0.1206
    0.0074     0.0066     0.0064     0.0067     0.0066     0.0098     0.0094     0.0093     0.0096     0.0082     0.0151     0.0129     0.0129     0.0125      0.012     0.0189     0.0175     0.0205     0.0187     0.0158     0.0271      0.029     0.0263     0.0263     0.0259     0.0434     0.0437     0.0454     0.0432     0.0389     0.0962     0.1091      0.122     0.1206
    0.0074     0.0066     0.0064     0.0067     0.0106     0.0098     0.0094     0.0093     0.0096      0.015     0.0151     0.0129     0.0129     0.0125     0.0191     0.0189     0.0175     0.0205     0.0187       0.03     0.0271      0.029     0.0263     0.0263     0.0466     0.0434     0.0437     0.0454     0.0432     0.1008     0.0962     0.1091      0.122     0.1206
    0.0074     0.0066     0.0064     0.0102     0.0106     0.0098     0.0094     0.0093     0.0159      0.015     0.0151     0.0129     0.0129     0.0201     0.0191     0.0189     0.0175     0.0205     0.0316       0.03     0.0271      0.029     0.0263     0.0472     0.0466     0.0434     0.0437     0.0454     0.1027     0.1008     0.0962     0.1091      0.122     0.1206
    0.0074     0.0066     0.0106     0.0102     0.0106     0.0098     0.0094     0.0163     0.0159      0.015     0.0151     0.0129     0.0228     0.0201     0.0191     0.0189     0.0175     0.0327     0.0316       0.03     0.0271      0.029     0.0464     0.0472     0.0466     0.0434     0.0437     0.1034     0.1027     0.1008     0.0962     0.1091      0.122     0.1206
    0.0074      0.011     0.0106     0.0102     0.0106     0.0098     0.0165     0.0163     0.0159      0.015     0.0151     0.0227     0.0228     0.0201     0.0191     0.0189     0.0345     0.0327     0.0316       0.03     0.0271     0.0484     0.0464     0.0472     0.0466     0.0434        0.1     0.1034     0.1027     0.1008     0.0962     0.1091      0.122     0.1206
    0.0109      0.011     0.0106     0.0102     0.0106     0.0167     0.0165     0.0163     0.0159      0.015     0.0227     0.0227     0.0228     0.0201     0.0191     0.0334     0.0345     0.0327     0.0316       0.03     0.0502     0.0484     0.0464     0.0472     0.0466     0.1082        0.1     0.1034     0.1027     0.1008     0.0962     0.1091      0.122     0.1206
    0.0109      0.011     0.0106     0.0102      0.017     0.0167     0.0165     0.0163     0.0159     0.0232     0.0227     0.0227     0.0228     0.0201     0.0331     0.0334     0.0345     0.0327     0.0316     0.0485     0.0502     0.0484     0.0464     0.0472     0.1088     0.1082        0.1     0.1034     0.1027     0.1008     0.0962     0.1091      0.122     0.1206
    0.0109      0.011     0.0106     0.0175      0.017     0.0167     0.0165     0.0163     0.0248     0.0232     0.0227     0.0227     0.0228     0.0411     0.0331     0.0334     0.0345     0.0327     0.0525     0.0485     0.0502     0.0484     0.0464     0.1091     0.1088     0.1082        0.1     0.1034     0.1027     0.1008     0.0962     0.1091      0.122     0.1206
    0.0109      0.011     0.0178     0.0175      0.017     0.0167     0.0165     0.0263     0.0248     0.0232     0.0227     0.0227     0.0375     0.0411     0.0331     0.0334     0.0345     0.0556     0.0525     0.0485     0.0502     0.0484     0.1083     0.1091     0.1088     0.1082        0.1     0.1034     0.1027     0.1008     0.0962     0.1091      0.122     0.1206
    0.0109      0.018     0.0178     0.0175      0.017     0.0167     0.0289     0.0263     0.0248     0.0232     0.0227      0.038     0.0375     0.0411     0.0331     0.0334     0.0553     0.0556     0.0525     0.0485     0.0502     0.1094     0.1083     0.1091     0.1088     0.1082        0.1     0.1034     0.1027     0.1008     0.0962     0.1091      0.122     0.1206
    0.0186      0.018     0.0178     0.0175      0.017     0.0304     0.0289     0.0263     0.0248     0.0232     0.0422      0.038     0.0375     0.0411     0.0331     0.0596     0.0553     0.0556     0.0525     0.0485     0.1125     0.1094     0.1083     0.1091     0.1088     0.1082        0.1     0.1034     0.1027     0.1008     0.0962     0.1091      0.122     0.1206
    0.0186      0.018     0.0178     0.0175     0.0317     0.0304     0.0289     0.0263     0.0248     0.0441     0.0422      0.038     0.0375     0.0411     0.0621     0.0596     0.0553     0.0556     0.0525     0.1127     0.1125     0.1094     0.1083     0.1091     0.1088     0.1082        0.1     0.1034     0.1027     0.1008     0.0962     0.1091      0.122     0.1206
    0.0186      0.018  0.0239839     0.0297     0.0317     0.0304     0.0289     0.0263     0.0444     0.0441     0.0422      0.038     0.0375     0.0656     0.0621     0.0596     0.0553     0.0556     0.1127     0.1127     0.1125     0.1094     0.1083     0.1091     0.1088     0.1082        0.1     0.1034     0.1027     0.1008     0.0962     0.1091      0.122     0.1206
    0.0186  0.0232159      0.028     0.0297     0.0317     0.0304     0.0289     0.0458     0.0444     0.0441     0.0422      0.038     0.0639     0.0656     0.0621     0.0596     0.0553     0.1154     0.1127     0.1127     0.1125     0.1094     0.1083     0.1091     0.1088     0.1082        0.1     0.1034     0.1027     0.1008     0.0962     0.1091      0.122     0.1206
    0.0186  0.0397139      0.028     0.0297     0.0317     0.0304     0.0478     0.0458     0.0444     0.0441     0.0422      0.064     0.0639     0.0656     0.0621     0.0596     0.1163     0.1154     0.1127     0.1127     0.1125     0.1094     0.1083     0.1091     0.1088     0.1082        0.1     0.1034     0.1027     0.1008     0.0962     0.1091      0.122     0.1206
    0.0313     0.0317      0.028   0.035475     0.0317     0.0477     0.0478     0.0458     0.0444     0.0441     0.0675      0.064     0.0639     0.0656     0.0621     0.1188     0.1163     0.1154     0.1127     0.1127     0.1125     0.1094     0.1083     0.1091     0.1088     0.1082        0.1     0.1034     0.1027     0.1008     0.0962     0.1091      0.122     0.1206
    0.0313     0.0317      0.028     0.0297     0.0471     0.0477     0.0478     0.0458     0.0444     0.0687     0.0675      0.064     0.0639     0.0656     0.1145     0.1188     0.1163     0.1154     0.1127     0.1127     0.1125     0.1094     0.1083     0.1091     0.1088     0.1082        0.1     0.1034     0.1027     0.1008     0.0962     0.1091      0.122     0.1206
    0.0313  0.0389727  0.0358184     0.0506     0.0471     0.0477     0.0478     0.0458     0.0711     0.0687     0.0675      0.064     0.0639   0.132646     0.1145     0.1188     0.1163     0.1154     0.1127     0.1127     0.1125     0.1094     0.1083     0.1091     0.1088     0.1082        0.1     0.1034     0.1027     0.1008     0.0962     0.1091      0.122     0.1206
    0.0313  0.0401367     0.0481     0.0506     0.0471     0.0477     0.0478      0.073     0.0711     0.0687     0.0675      0.064     0.1218   0.132646     0.1145     0.1188     0.1163     0.1154     0.1127     0.1127     0.1125     0.1094     0.1083     0.1091     0.1088     0.1082        0.1     0.1034     0.1027     0.1008     0.0962     0.1091      0.122     0.1206
    0.0313  0.0532847     0.0481  0.0573647     0.0471     0.0477     0.0719      0.073     0.0711     0.0687     0.0675     0.1253     0.1218   0.132646     0.1145     0.1188     0.1163     0.1154     0.1127     0.1127     0.1125     0.1094     0.1083     0.1091     0.1088     0.1082        0.1     0.1034     0.1027     0.1008     0.0962     0.1091      0.122     0.1206
    0.0478     0.0461     0.0481  0.0580906     0.0471      0.068     0.0719      0.073     0.0711     0.0687   0.139115     0.1253     0.1218   0.132646     0.1145     0.1188     0.1163     0.1154     0.1127     0.1127     0.1125     0.1094     0.1083     0.1091     0.1088     0.1082        0.1     0.1034     0.1027     0.1008     0.0962     0.1091      0.122     0.1206
    0.0478     0.0461  0.0606392     0.0506      0.071      0.068     0.0719      0.073     0.0711   0.145237   0.139115     0.1253     0.1218   0.132646     0.1145     0.1188     0.1163     0.1154     0.1127     0.1127     0.1125     0.1094     0.1083     0.1091     0.1088     0.1082        0.1     0.1034     0.1027     0.1008     0.0962     0.1091      0.122     0.1206
    0.0478  0.0576642   0.064885     0.0692      0.071      0.068     0.0719      0.073   0.145375   0.145237   0.139115     0.1253     0.1218   0.132646     0.1145     0.1188     0.1163     0.1154     0.1127     0.1127     0.1125     0.1094     0.1083     0.1091     0.1088     0.1082        0.1     0.1034     0.1027     0.1008     0.0962     0.1091      0.122     0.1206
    0.0478     0.0461     0.0729     0.0692      0.071      0.068     0.0719   0.128207   0.145375   0.145237   0.139115     0.1253     0.1218   0.132646     0.1145     0.1188     0.1163     0.1154     0.1127     0.1127     0.1125     0.1094     0.1083     0.1091     0.1088     0.1082        0.1     0.1034     0.1027     0.1008     0.0962     0.1091      0.122     0.1206
    0.0478  0.0900128     0.0729     0.0692      0.071      0.068   0.134284   0.128207   0.145375   0.145237   0.139115     0.1253     0.1218   0.132646     0.1145     0.1188     0.1163     0.1154     0.1127     0.1127     0.1125     0.1094     0.1083     0.1091     0.1088     0.1082        0.1     0.1034     0.1027     0.1008     0.0962     0.1091      0.122     0.1206
    0.0786      0.071  0.0831587     0.0692      0.071   0.147281   0.134284   0.128207   0.145375   0.145237   0.139115     0.1253     0.1218   0.132646     0.1145     0.1188     0.1163     0.1154     0.1127     0.1127     0.1125     0.1094     0.1083     0.1091     0.1088     0.1082        0.1     0.1034     0.1027     0.1008     0.0962     0.1091      0.122     0.1206
    0.0786      0.071     0.0729     0.0692     0.1181   0.147281   0.134284   0.128207   0.145375   0.145237   0.139115     0.1253     0.1218   0.132646     0.1145     0.1188     0.1163     0.1154     0.1127     0.1127     0.1125     0.1094     0.1083     0.1091     0.1088     0.1082        0.1     0.1034     0.1027     0.1008     0.0962     0.1091      0.122     0.1206
    0.0786      0.071   0.100239     0.1294     0.1181   0.147281   0.134284   0.128207   0.145375   0.145237   0.139115     0.1253     0.1218   0.132646     0.1145     0.1188     0.1163     0.1154     0.1127     0.1127     0.1125     0.1094     0.1083     0.1091     0.1088     0.1082        0.1     0.1034     0.1027     0.1008     0.0962     0.1091      0.122     0.1206
    0.0786  0.0950885   0.138081     0.1294     0.1181   0.147281   0.134284   0.128207   0.145375   0.145237   0.139115     0.1253     0.1218   0.132646     0.1145     0.1188     0.1163     0.1154     0.1127     0.1127     0.1125     0.1094     0.1083     0.1091     0.1088     0.1082        0.1     0.1034     0.1027     0.1008     0.0962     0.1091      0.122     0.1206
    0.0786   0.131521   0.138081     0.1294     0.1181   0.147281   0.134284   0.128207   0.145375   0.145237   0.139115     0.1253     0.1218   0.132646     0.1145     0.1188     0.1163     0.1154     0.1127     0.1127     0.1125     0.1094     0.1083     0.1091     0.1088     0.1082        0.1     0.1034     0.1027     0.1008     0.0962     0.1091      0.122     0.1206
    0.1294   0.131521   0.138081     0.1294     0.1181   0.147281   0.134284   0.128207   0.145375   0.145237   0.139115     0.1253     0.1218   0.132646     0.1145     0.1188     0.1163     0.1154     0.1127     0.1127     0.1125     0.1094     0.1083     0.1091     0.1088     0.1082        0.1     0.1034     0.1027     0.1008     0.0962     0.1091      0.122     0.1206
Simulated without Matrix:
38 44 31 40 38 36 36 39 31 23 33 21 22 28 22 17 18 19 20 20 18 20 21 25 26 17 16 21 17 11 17 16 15 20
45 38 44 31 40 38 36 36 39 31 23 35 21 23 28 23 17 18 20 20 21 19 22 23 25 28 19 17 22 19 12 17 18 15
39 45 38 44 31 40 38 36 36 39 31 23 35 21 23 28 23 17 18 20 20 21 19 22 23 25 28 19 17 22 19 12 17 18
31 39 45 38 44 31 40 38 36 36 39 31 23 35 21 23 28 23 17 18 20 20 21 19 22 23 25 28 19 17 22 19 12 17
33 31 39 45 38 44 31 40 38 36 36 39 31 23 35 21 23 28 23 17 18 20 20 21 19 22 23 25 28 19 17 22 19 12
35 33 31 39 45 38 44 31 40 38 36 36 39 31 23 35 21 23 28 23 17 18 20 20 21 19 22 23 25 28 19 17 22 19
34 35 33 31 39 45 38 44 31 40 38 36 36 39 31 23 35 21 23 28 23 17 18 20 20 21 19 22 23 25 28 19 17 22
36 34 35 33 31 39 45 38 44 31 40 38 36 36 39 31 23 35 21 23 28 23 17 18 20 20 21 19 22 23 25 28 19 17
36 36 34 35 33 31 39 45 38 44 31 40 38 36 36 39 31 23 35 21 23 28 23 17 18 20 20 21 19 22 23 24 28 19
37 36 36 34 35 33 31 39 45 38 44 31 40 38 36 36 39 31 23 35 21 22 28 23 17 18 20 20 21 19 22 23 24 28
36 37 36 36 34 35 33 31 39 45 38 44 31 40 38 36 36 39 31 23 35 21 22 28 23 17 18 20 20 21 19 22 23 24
37 36 37 36 36 34 35 33 31 39 45 38 44 31 40 38 36 36 39 31 23 35 20 22 28 23 17 18 20 20 21 18 22 23
36 37 36 37 36 36 34 35 33 31 39 45 38 44 31 40 38 36 36 39 31 23 35 20 22 28 23 17 18 20 20 21 18 22
39 36 37 36 37 36 36 34 35 33 31 39 45 37 44 31 40 38 36 36 39 31 23 34 20 22 28 23 17 18 20 19 21 18
38 39 36 37 36 37 36 36 34 35 33 31 39 45 37 44 31 40 38 36 36 39 31 23 34 20 22 28 23 17 18 20 19 21
38 38 39 36 37 36 37 36 36 34 35 33 31 39 45 37 44 31 40 38 36 36 39 31 22 34 20 22 28 23 17 18 20 19
42 38 38 39 36 37 36 37 36 36 34 35 33 31 39 45 37 44 31 40 38 36 36 39 31 22 34 20 22 28 23 17 18 20
45 42 38 38 39 36 37 36 37 36 36 34 35 33 31 39 45 37 44 31 40 38 36 36 39 31 22 34 20 22 28 22 17 18
43 45 42 38 38 39 36 37 36 37 36 36 34 35 33 31 39 45 37 44 31 40 38 36 36 39 31 22 34 20 22 28 22 17
42 43 45 42 38 38 39 36 37 36 37 36 36 34 35 33 31 39 45 37 44 31 40 38 36 36 38 31 22 34 20 22 28 22
40 42 43 45 42 38 38 39 36 37 36 37 36 36 34 35 33 31 39 45 37 44 31 40 38 36 36 38 31 22 34 20 22 28
41 40 42 43 45 42 38 38 39 36 37 36 37 36 36 34 35 33 31 39 45 37 44 31 40 38 36 36 38 31 22 32 20 22
44 41 40 42 43 45 42 38 38 39 36 37 36 37 36 36 34 35 33 31 39 45 37 44 31 40 38 36 36 38 31 22 32 20
45 44 41 40 42 43 45 42 38 38 39 36 38 36 37 36 36 34 36 34 31 39 45 37 44 31 40 38 36 36 38 31 22 32
50 45 44 41 40 42 43 45 42 38 38 39 36 38 36 37 36 36 35 37 34 31 39 45 37 44 31 40 38 36 36 38 31 22
50 50 45 44 41 40 42 43 45 42 38 38 39 36 38 36 37 36 36 36 37 34 31 39 45 37 44 31 40 38 36 36 39 31
54 50 50 45 44 41 40 42 43 45 42 38 38 39 36 38 36 37 36 36 36 37 34 31 39 45 37 44 31 40 38 36 37 39
53 54 50 50 45 44 41 40 42 42 45 42 38 38 39 36 38 36 37 37 36 36 37 34 31 39 45 37 44 31 40 38 37 37
54 53 54 50 50 45 44 41 40 42 42 45 42 38 38 39 36 38 36 37 37 36 36 37 34 31 39 45 37 43 31 40 39 37
56 54 53 54 50 50 45 44 41 40 42 42 45 42 38 38 39 36 38 36 37 37 36 36 37 34 31 39 45 37 43 30 41 38
57 56 54 53 54 49 50 45 44 41 40 42 42 44 42 38 38 39 36 38 36 37 37 36 36 37 34 31 39 45 37 43 30 41
58 57 56 54 52 54 49 50 45 44 41 40 42 40 44 42 38 38 39 36 38 36 37 37 36 36 37 34 31 39 45 37 43 30
57 57 57 56 54 52 53 49 50 45 44 41 40 41 40 44 42 38 38 39 36 38 36 37 37 36 36 37 34 31 39 44 37 43
58 57 57 57 56 54 52 53 49 50 45 44 41 37 41 40 44 42 38 38 39 36 38 36 36 37 36 36 37 34 31 37 44 37
56 58 57 57 57 56 54 52 53 48 50 45 44 41 37 41 40 44 42 38 38 39 36 38 36 36 37 36 36 37 34 31 37 44
54 56 58 57 57 57 56 54 52 53 48 50 45 43 41 37 41 40 44 42 38 38 39 36 38 36 36 37 36 36 37 34 31 37
52 54 56 58 57 57 57 56 54 52 52 48 50 43 43 41 37 41 40 43 42 38 38 39 36 38 36 36 37 36 36 34 34 31
49 52 54 56 58 57 57 57 55 54 52 52 48 49 43 43 41 37 41 40 43 42 38 38 39 36 38 36 36 37 36 35 34 34
48 49 52 54 56 58 57 57 57 55 54 52 52 48 49 43 43 41 37 41 40 43 42 38 38 39 36 38 36 36 37 35 35 34
46 48 49 52 54 56 58 56 57 57 55 54 52 51 48 49 43 43 41 37 41 40 43 42 38 37 39 36 38 36 36 36 35 35
46 46 48 49 52 54 56 58 56 57 57 55 54 52 51 48 49 43 43 41 37 41 40 43 42 38 37 39 35 38 36 34 36 35
45 46 46 48 49 52 54 55 57 56 57 57 55 53 52 50 48 49 43 43 40 37 41 40 43 42 38 37 39 35 38 36 34 36
43 45 46 46 48 49 52 54 55 57 56 57 57 54 53 52 50 48 49 43 43 40 37 41 40 43 42 38 37 39 35 37 36 34
43 43 45 46 46 48 49 52 54 55 57 56 57 54 54 53 52 50 48 49 43 43 40 37 41 40 43 42 38 37 39 33 37 36
29 43 43 45 46 46 48 49 52 54 55 57 56 56 54 54 53 52 50 48 49 43 43 40 37 41 40 43 42 38 37 38 33 37
23 29 43 43 45 46 46 48 49 52 54 55 57 56 56 54 53 53 52 50 48 49 43 43 40 37 41 40 43 42 38 36 38 33
28 23 29 43 43 45 46 46 48 49 52 54 55 57 56 56 54 53 53 52 50 48 49 43 43 40 37 41 40 43 42 38 36 38
24 28 23 28 43 43 45 46 46 48 49 52 54 55 57 55 56 54 53 53 52 50 48 49 43 43 40 37 41 40 43 42 38 36
25 23 28 23 28 43 43 45 46 46 48 49 52 52 55 57 55 56 54 53 53 52 50 48 49 43 43 40 37 41 40 42 42 38
28 25 23 28 23 28 43 42 45 46 46 48 49 52 52 55 57 55 56 53 53 53 52 50 48 49 43 43 39 37 40 40 42 43
29 28 25 23 28 23 28 43 42 45 46 46 48 48 51 52 55 56 55 56 53 53 53 52 49 48 49 43 43 39 37 37 41 43
28 29 28 25 23 28 23 28 43 42 45 46 46 48 48 51 52 55 56 55 56 53 53 53 51 49 48 49 43 42 39 37 37 41
21 28 28 28 25 23 28 23 28 43 42 44 46 44 48 48 51 52 55 55 55 56 53 53 53 51 49 48 49 43 42 39 37 37
18 21 28 28 28 25 23 28 23 28 43 42 44 44 44 48 48 51 52 55 55 55 56 53 53 53 51 48 48 49 43 42 39 37
19 18 21 28 27 28 25 23 28 23 28 43 42 43 43 43 48 48 51 52 55 55 55 56 53 53 53 50 48 47 49 43 42 39
21 19 18 20 28 26 28 25 22 28 23 28 43 41 43 43 42 48 48 51 51 55 55 54 56 53 53 53 49 48 47 49 43 42
20 21 19 18 20 28 26 28 25 22 28 23 28 43 41 43 43 42 48 48 51 51 55 54 54 56 53 53 52 49 48 47 49 43
18 20 21 19 18 20 27 26 28 25 22 28 23 28 43 41 43 43 42 48 48 51 51 55 54 54 56 53 53 52 49 48 47 49
18 17 20 21 18 17 20 27 26 28 25 22 28 23 28 43 40 43 43 42 48 47 51 51 55 53 54 56 53 53 51 49 48 47
18 18 17 19 21 18 17 20 27 26 28 25 22 28 23 27 43 40 43 42 42 48 47 51 50 55 52 54 56 53 53 51 47 48
15 17 18 17 18 21 17 17 20 27 26 28 25 22 28 23 27 43 40 43 42 42 47 47 51 50 55 52 54 56 53 52 51 47
18 15 17 17 17 18 21 17 17 20 26 26 28 25 22 27 23 27 43 40 43 42 41 47 46 51 50 55 52 54 56 53 52 51
17 18 15 17 17 16 18 21 17 17 19 24 26 28 25 21 27 23 27 43 40 43 42 41 46 46 51 50 55 52 54 56 52 52
15 17 18 14 17 17 15 18 21 16 17 19 24 26 28 25 21 27 23 27 43 40 43 41 41 46 46 51 49 55 52 54 55 52
13 15 16 18 14 17 17 15 17 21 16 17 19 24 26 27 25 21 27 23 27 43 40 42 41 40 46 46 51 49 54 52 54 55
13 12 13 15 18 14 16 17 15 16 21 16 16 19 24 26 26 25 21 27 23 27 42 40 42 41 39 46 46 51 48 53 51 54
12 13 12 13 15 18 14 16 17 15 16 21 16 16 19 23 26 25 24 21 27 23 27 42 40 42 40 39 46 46 51 47 53 51
13 12 13 12 13 15 18 14 16 16 14 16 20 16 16 19 23 26 23 24 21 26 23 27 42 40 41 38 37 46 45 51 45 52
12 13 12 13 12 13 14 18 14 16 16 14 16 18 16 15 19 23 26 23 23 21 26 23 27 42 40 41 37 37 45 45 51 45
10 12 13 12 13 12 13 14 18 14 16 15 14 16 18 16 15 17 22 25 23 23 20 25 23 27 42 39 41 37 37 45 45 50
11 10 12 12 11 13 11 13 14 18 12 16 15 13 15 16 16 14 16 22 25 23 22 20 24 23 27 42 38 40 36 37 44 45
10 11 10 12 12 11 13 11 12 13 18 12 16 14 13 15 16 16 14 14 21 25 23 22 19 23 23 25 41 38 38 35 37 43
10 10 11 10 12 12 11 13 11 12 12 18 12 16 14 12 15 16 16 13 14 21 25 23 21 19 23 23 25 40 37 38 35 37
10  7 10 11 10 12 12 11 13 11 12 12 18 12 16 13 12 15 16 16 13 13 21 25 23 21 18 23 23 25 40 37 37 35
 9 10  6 10 11 10 12 12 11 13 11 12 12 17 12 16 13 12 14 16 16 13 13 21 25 23 21 18 23 23 25 39 37 36
 9  9 10  5 10 11  7 11 11 10 12 10 12 11 16 11 15 13 12 14 16 16 12 13 21 25 23 21 16 23 23 23 39 35
 8  9  9 10  5 10  8  7 11 11 10 11  9 12 11 16 11 14 13 10 13 16 16 12 13 21 25 21 21 16 22 23 22 39
 7  8  9  8 10  4 10  8  7 11  9 10 11  8 12 11 15 11 14 13 10 12 16 16 11 13 21 25 20 21 16 22 23 21
 7  7  8  8  8 10  4 10  8  7 11  9 10 11  8 12 11 15 11 14 13 10 12 16 15 11 12 21 25 20 21 15 22 23
 6  7  7  7  8  8  9  4  9  8  7 11  8 10 10  8 12 11 15 11 14 11 10 12 14 15 11 11 21 25 20 21 14 22
 5  5  7  7  6  7  6  9  4  8  8  6  9  8 10 10  8 11 11 15 11 14 11 10 12 13 15 11 11 20 24 20 21 14
 4  4  5  7  7  6  7  6  9  4  8  7  4  9  8 10  9  7 11 10 14 10 12 11 10 11 12 15 10 11 20 24 20 21
 4  4  4  5  7  7  6  7  5  9  2  8  7  4  9  7 10  9  7 11  9 14  7 11  8 10 11 11 14 10 10 20 22 18
 4  3  4  3  4  7  7  6  7  5  9  2  8  7  4  9  7 10  8  7 11  9 14  6 11  7 10 11 11 13  9 10 20 22
 3  4  2  4  3  4  7  7  5  7  4  8  2  8  6  4  7  7 10  7  6 11  8 14  6 11  7 10 11 10 13  9 10 18
12 12 14 16 19 19 15 19 22 24 29 32 37 32 36 38 38 39 42 43 41 45 49 51 52 46 48 47 51 53 57 64 67 69
Difference Matrix:
[     0,  0.048,  -0.23,      0, -0.073,   -0.1, -0.077,  0.026,  -0.16,   -0.3, -0.029,   -0.4,  -0.27, -0.067,  -0.21,  -0.39,  -0.38,  -0.34,  -0.33,  -0.29,  -0.33,  -0.23,  -0.25,  -0.14, -0.037,  -0.41,  -0.43,  -0.22,  -0.35,  -0.58,  -0.37,  -0.33,  -0.38, -0.091]
[     0,      0,  0.023,  -0.24, -0.024, -0.095,   -0.1,   -0.1,      0,  -0.18,  -0.32, -0.028,  -0.43,  -0.28,  -0.12,  -0.21,  -0.43,   -0.4,  -0.35,  -0.38,   -0.3,  -0.37,  -0.24,  -0.26,  -0.22, -0.067,  -0.39,  -0.45,  -0.24,  -0.32,  -0.59,  -0.41,  -0.31,  -0.42]
[     0,      0, -0.026,  0.023,  -0.24, -0.024, -0.095,  -0.12,  -0.12,      0,  -0.21,  -0.34, -0.054,  -0.43,  -0.28,  -0.12,  -0.23,  -0.45,  -0.42,  -0.35,  -0.39,  -0.32,  -0.39,  -0.24,  -0.26,  -0.22, -0.097,  -0.42,  -0.47,  -0.27,  -0.34,  -0.59,  -0.43,  -0.33]
[     0, -0.025,      0, -0.026,  0.023,  -0.26, -0.048,  -0.12,  -0.12,  -0.12, -0.025,  -0.21,  -0.34, -0.054,  -0.45,  -0.28,  -0.15,  -0.23,  -0.45,  -0.42,  -0.38,  -0.39,  -0.34,  -0.39,  -0.27,  -0.28,  -0.24, -0.097,  -0.42,  -0.47,  -0.29,  -0.34,   -0.6,  -0.43]
[     0, -0.031, -0.025, -0.022,  -0.05,      0,  -0.26, -0.048,  -0.12,  -0.14,  -0.12, -0.025,  -0.21,  -0.34, -0.054,  -0.45,   -0.3,  -0.15,  -0.23,  -0.47,  -0.44,  -0.38,  -0.39,  -0.34,  -0.41,  -0.27,  -0.28,  -0.24,  -0.12,  -0.44,  -0.48,  -0.29,  -0.37,   -0.6]
[     0,      0, -0.031, -0.025, -0.022,  -0.05,      0,  -0.26,  -0.07,  -0.14,  -0.14,  -0.14, -0.025,  -0.21,  -0.34, -0.054,  -0.45,   -0.3,  -0.15,  -0.26,  -0.47,  -0.44,  -0.38,  -0.41,  -0.34,  -0.41,  -0.27,   -0.3,  -0.26,  -0.12,  -0.44,  -0.47,  -0.31,  -0.39]
[     0,      0, -0.029, -0.031, -0.025, -0.022,  -0.05,      0,  -0.26,  -0.07,  -0.14,  -0.14,  -0.14, -0.025,  -0.21,  -0.34, -0.054,  -0.46,   -0.3,  -0.18,  -0.26,  -0.47,  -0.44,  -0.38,  -0.41,  -0.36,  -0.42,  -0.29,   -0.3,  -0.26,  -0.12,  -0.42,  -0.48,  -0.31]
[     0,      0, -0.028, -0.029, -0.031, -0.049, -0.043, -0.073, -0.022,  -0.28,  -0.07,  -0.14,  -0.16,  -0.14, -0.049,  -0.23,  -0.36, -0.079,  -0.46,  -0.32,  -0.18,  -0.26,  -0.47,  -0.44,  -0.38,  -0.41,  -0.36,  -0.42,  -0.29,   -0.3,  -0.26,  -0.12,  -0.44,   -0.5]
[     0,      0,      0, -0.028, -0.029, -0.061, -0.049, -0.043, -0.073, -0.022,  -0.28,  -0.07,  -0.14,  -0.16,  -0.14, -0.049,  -0.23,  -0.36, -0.079,  -0.46,  -0.32,  -0.18,  -0.26,  -0.47,  -0.44,  -0.38,  -0.41,  -0.36,  -0.42,  -0.29,   -0.3,  -0.27,  -0.12,  -0.46]
[     0,      0, -0.027,      0, -0.028, -0.029, -0.061, -0.049, -0.043, -0.073, -0.022,  -0.28,  -0.07,  -0.14,  -0.16,  -0.14, -0.049,  -0.23,  -0.36, -0.079,  -0.46,  -0.35,  -0.18,  -0.26,  -0.47,  -0.44,  -0.39,  -0.41,  -0.36,  -0.42,  -0.29,   -0.3,  -0.29,  -0.15]
[     0, -0.026,      0, -0.027,      0, -0.028, -0.029, -0.061, -0.049, -0.043, -0.095, -0.022,  -0.28,  -0.07,  -0.14,  -0.16,  -0.14, -0.049,  -0.23,  -0.36, -0.079,  -0.46,  -0.35,  -0.18,  -0.26,  -0.48,  -0.44,  -0.39,  -0.41,  -0.36,  -0.42,  -0.27,   -0.3,  -0.31]
[     0, -0.027, -0.026,      0, -0.027,      0, -0.028, -0.029, -0.061, -0.049, -0.043, -0.095, -0.022,  -0.28,  -0.07,  -0.14,  -0.16,  -0.16, -0.049,  -0.24,  -0.36, -0.079,  -0.49,  -0.35,  -0.18,  -0.26,  -0.48,  -0.45,  -0.39,  -0.43,  -0.36,  -0.44,  -0.29,  -0.32]
[     0,      0, -0.027, -0.026, -0.027, -0.027,      0, -0.028, -0.057, -0.061, -0.049, -0.043, -0.095, -0.022,  -0.28,  -0.07,  -0.14,  -0.16,  -0.16, -0.071,  -0.24,  -0.38, -0.079,   -0.5,  -0.35,  -0.18,  -0.26,  -0.48,  -0.45,  -0.39,  -0.43,  -0.34,  -0.45,  -0.29]
[     0,      0,      0, -0.027, -0.026, -0.027, -0.027,      0, -0.054, -0.057, -0.061, -0.071, -0.062, -0.098, -0.022,  -0.28,  -0.07,  -0.14,  -0.18,  -0.18, -0.071,  -0.24,  -0.38,  -0.11,   -0.5,  -0.35,  -0.18,  -0.28,  -0.48,  -0.45,  -0.39,  -0.44,  -0.36,  -0.47]
[     0,      0,      0,      0, -0.027, -0.026, -0.027, -0.027, -0.029, -0.054, -0.057, -0.061, -0.071, -0.043, -0.098, -0.022,  -0.28,  -0.07,  -0.16,  -0.18,  -0.18, -0.071,  -0.24,  -0.38,  -0.11,   -0.5,  -0.35,  -0.18,  -0.28,  -0.48,  -0.45,  -0.38,  -0.46,  -0.38]
[     0,      0,      0,      0, -0.026, -0.027, -0.026, -0.027, -0.027, -0.029, -0.054, -0.057, -0.061, -0.049, -0.043,  -0.12, -0.022,  -0.28, -0.091,  -0.16,  -0.18,  -0.18, -0.071,  -0.24,  -0.41,  -0.13,   -0.5,  -0.35,  -0.18,  -0.28,  -0.48,  -0.44,  -0.39,  -0.46]
[     0,      0,      0,      0,      0, -0.026, -0.027, -0.026, -0.027, -0.027, -0.029, -0.054, -0.057, -0.061, -0.049, -0.043,  -0.12, -0.022,   -0.3, -0.091,  -0.17,  -0.18,  -0.18, -0.071,  -0.24,  -0.41,  -0.13,   -0.5,  -0.35,   -0.2,  -0.28,  -0.47,  -0.45,  -0.41]
[     0,      0,      0,      0,      0,      0, -0.026, -0.027, -0.026, -0.027, -0.027, -0.029, -0.054, -0.057, -0.061, -0.049, -0.062,  -0.12, -0.043,   -0.3, -0.091,  -0.17,  -0.18,  -0.18, -0.071,  -0.24,  -0.41,  -0.13,   -0.5,  -0.37,   -0.2,  -0.29,  -0.48,  -0.45]
[     0,      0,      0,      0,      0,      0,      0, -0.026, -0.027, -0.026, -0.027, -0.027, -0.029, -0.054, -0.057, -0.061, -0.071, -0.062,  -0.14, -0.064,  -0.31, -0.091,  -0.17,  -0.18,  -0.18, -0.071,  -0.24,  -0.41,  -0.13,  -0.51,  -0.37,  -0.18,  -0.31,   -0.5]
[     0,      0,      0, -0.023, -0.026,      0, -0.025,      0, -0.026, -0.027, -0.026, -0.027, -0.053, -0.029, -0.028, -0.057, -0.061, -0.071, -0.082,  -0.14, -0.064,  -0.31,  -0.11,  -0.17,  -0.18,  -0.18, -0.095,  -0.24,  -0.41,  -0.13,  -0.51,  -0.37,   -0.2,  -0.33]
[     0, -0.023, -0.023, -0.022, -0.023, -0.026, -0.026, -0.025, -0.027, -0.026, -0.053, -0.051, -0.053, -0.027, -0.029, -0.054, -0.057, -0.061, -0.093,   -0.1,  -0.16, -0.064,  -0.31,  -0.11,  -0.17,  -0.18,  -0.18, -0.095,  -0.24,  -0.41,  -0.13,   -0.5,  -0.37,   -0.2]
[     0, -0.048, -0.067, -0.065, -0.043, -0.067, -0.073,  -0.05, -0.071, -0.053, -0.051, -0.077, -0.075, -0.053, -0.053, -0.029, -0.054, -0.083, -0.088, -0.093,   -0.1,  -0.16, -0.064,  -0.31,  -0.11,  -0.17,  -0.18,  -0.18, -0.095,  -0.24,  -0.41,  -0.16,   -0.5,  -0.37]
[     0, -0.024, -0.091,  -0.11, -0.085, -0.082, -0.087, -0.095, -0.073, -0.093, -0.077, -0.098,   -0.1, -0.075, -0.077, -0.077, -0.056, -0.079,  -0.11,  -0.14,  -0.11,   -0.1,  -0.16, -0.064,  -0.31,  -0.11,  -0.17,  -0.18,  -0.18,  -0.12,  -0.26,  -0.39,  -0.18,  -0.51]
[     0, -0.022, -0.068,  -0.13,  -0.12,  -0.12,  -0.12,  -0.12,  -0.14,  -0.12,  -0.13,  -0.12,  -0.12,  -0.14,  -0.12,  -0.12,  -0.12,  -0.11,   -0.1,  -0.13,  -0.16,  -0.13,  -0.12,  -0.18, -0.083,  -0.31,  -0.11,  -0.17,   -0.2,   -0.2,  -0.12,  -0.24,  -0.41,   -0.2]
[     0, -0.043, -0.064,  -0.11,  -0.15,  -0.16,  -0.16,  -0.13,  -0.16,  -0.16,  -0.16,  -0.17,  -0.18,  -0.16,  -0.16,  -0.14,  -0.16,  -0.16,  -0.15,  -0.14,  -0.17,  -0.18,  -0.15,  -0.13,   -0.2,   -0.1,  -0.33,  -0.13,  -0.19,  -0.22,  -0.22,  -0.12,  -0.26,  -0.42]
[     0,  -0.02, -0.062,   -0.1,  -0.15,  -0.18,  -0.19,  -0.17,  -0.17,  -0.18,  -0.19,  -0.19,  -0.22,  -0.22,  -0.17,   -0.2,  -0.18,   -0.2,  -0.22,  -0.18,  -0.18,  -0.19,  -0.23,  -0.19,  -0.17,  -0.23,  -0.12,  -0.35,  -0.17,  -0.22,  -0.23,  -0.22,  -0.13,   -0.3]
[     0, -0.038, -0.057,   -0.1,  -0.14,  -0.16,   -0.2,  -0.21,   -0.2,   -0.2,  -0.21,  -0.22,  -0.24,  -0.25,  -0.23,  -0.21,  -0.23,  -0.23,  -0.25,  -0.28,  -0.22,   -0.2,  -0.21,  -0.26,  -0.22,   -0.2,  -0.24,  -0.17,  -0.38,   -0.2,  -0.24,  -0.25,  -0.23,  -0.17]
[     0, -0.018, -0.057, -0.074,  -0.12,  -0.15,   -0.2,  -0.23,  -0.24,  -0.24,  -0.21,  -0.24,  -0.25,  -0.25,  -0.26,  -0.25,  -0.24,  -0.27,  -0.26,  -0.29,  -0.29,  -0.22,  -0.23,  -0.24,   -0.3,  -0.25,  -0.22,  -0.29,   -0.2,   -0.4,  -0.22,  -0.25,  -0.27,  -0.27]
[     0, -0.036, -0.036, -0.074, -0.091,  -0.13,  -0.17,  -0.21,  -0.25,  -0.25,  -0.25,  -0.24,  -0.25,  -0.27,  -0.27,  -0.28,  -0.28,  -0.25,  -0.29,   -0.3,   -0.3,  -0.31,  -0.25,  -0.26,  -0.28,  -0.33,  -0.28,  -0.26,   -0.3,  -0.25,  -0.43,  -0.23,  -0.28,   -0.3]
[     0, -0.018, -0.054, -0.053, -0.091,  -0.11,  -0.15,  -0.19,  -0.24,  -0.26,  -0.26,  -0.28,  -0.25,  -0.25,  -0.28,  -0.27,   -0.3,  -0.29,  -0.28,  -0.32,  -0.31,  -0.31,  -0.32,  -0.28,  -0.27,  -0.31,  -0.34,   -0.3,  -0.27,  -0.33,  -0.26,  -0.44,  -0.25,  -0.33]
[     0, -0.018, -0.036, -0.054, -0.069,  -0.12,  -0.12,  -0.17,  -0.21,  -0.25,  -0.27,  -0.28,  -0.29,  -0.27,  -0.26,  -0.28,   -0.3,  -0.32,  -0.31,  -0.32,  -0.33,  -0.31,  -0.33,  -0.33,  -0.29,   -0.3,  -0.32,  -0.37,  -0.32,   -0.3,  -0.34,  -0.26,  -0.47,  -0.28]
[     0,      0, -0.018, -0.053, -0.088, -0.085,  -0.14,  -0.14,  -0.18,  -0.21,  -0.25,  -0.29,  -0.29,  -0.32,  -0.28,  -0.28,   -0.3,   -0.3,  -0.33,  -0.33,  -0.32,  -0.35,  -0.33,  -0.34,  -0.35,  -0.31,  -0.31,  -0.33,  -0.38,  -0.33,  -0.31,  -0.34,   -0.3,  -0.49]
[     0, -0.017, -0.017, -0.034, -0.069,   -0.1,   -0.1,  -0.14,  -0.15,   -0.2,  -0.23,  -0.27,   -0.3,  -0.29,  -0.32,  -0.28,  -0.29,  -0.31,  -0.31,  -0.34,  -0.35,  -0.32,  -0.35,  -0.34,  -0.34,  -0.36,  -0.31,  -0.33,  -0.35,  -0.38,  -0.34,  -0.31,  -0.36,  -0.31]
[     0, -0.017, -0.034, -0.034, -0.051, -0.069,  -0.12,  -0.12,  -0.16,  -0.15,   -0.2,  -0.24,  -0.28,  -0.34,  -0.31,  -0.32,  -0.29,  -0.29,  -0.32,  -0.32,  -0.35,  -0.35,  -0.33,  -0.36,  -0.36,  -0.35,  -0.37,  -0.32,  -0.33,  -0.36,  -0.39,  -0.36,  -0.33,  -0.38]
[     0,      0, -0.017, -0.034, -0.034, -0.051, -0.085,  -0.12,  -0.13,  -0.19,  -0.17,  -0.21,  -0.24,  -0.25,  -0.34,  -0.31,  -0.33,  -0.29,   -0.3,  -0.33,  -0.33,  -0.35,  -0.35,  -0.33,  -0.36,  -0.37,  -0.36,  -0.37,  -0.33,  -0.34,  -0.36,  -0.38,  -0.38,  -0.35]
[     0,      0, -0.017, -0.034,  -0.05, -0.034, -0.051, -0.085,  -0.13,  -0.13,  -0.19,  -0.17,  -0.21,  -0.25,  -0.27,  -0.34,  -0.31,  -0.33,  -0.29,  -0.31,  -0.33,  -0.33,  -0.35,  -0.35,  -0.34,  -0.37,  -0.37,  -0.36,  -0.38,  -0.33,  -0.34,  -0.35,   -0.4,   -0.4]
[     0, -0.018, -0.018, -0.017, -0.034,  -0.05,  -0.05, -0.067,   -0.1,  -0.13,  -0.16,  -0.19,  -0.18,  -0.23,  -0.25,  -0.27,  -0.35,  -0.32,  -0.33,  -0.33,  -0.31,  -0.33,  -0.33,  -0.36,  -0.36,  -0.34,  -0.37,  -0.38,  -0.36,  -0.38,  -0.33,  -0.38,  -0.37,  -0.43]
[ -0.02, -0.019, -0.018, -0.018, -0.033, -0.034,  -0.05,  -0.05, -0.083,   -0.1,  -0.15,  -0.16,   -0.2,  -0.17,  -0.23,  -0.26,  -0.27,  -0.35,  -0.32,  -0.34,  -0.33,  -0.31,  -0.34,  -0.33,  -0.36,  -0.36,  -0.34,  -0.37,  -0.38,  -0.37,  -0.38,  -0.34,  -0.39,  -0.38]
[     0, -0.039, -0.019, -0.018, -0.018, -0.033,  -0.05, -0.066,  -0.05, -0.098,   -0.1,  -0.15,  -0.17,  -0.19,  -0.18,  -0.23,  -0.26,  -0.27,  -0.35,  -0.33,  -0.35,  -0.33,  -0.31,  -0.33,  -0.33,  -0.36,  -0.36,  -0.34,  -0.37,  -0.38,  -0.37,  -0.38,  -0.35,  -0.41]
[     0,      0, -0.039, -0.019, -0.036, -0.034, -0.033, -0.067, -0.066, -0.066, -0.098,  -0.11,  -0.15,  -0.16,  -0.19,  -0.18,  -0.23,  -0.26,  -0.27,  -0.36,  -0.33,  -0.35,  -0.33,  -0.31,  -0.34,  -0.35,  -0.36,  -0.36,  -0.34,  -0.37,  -0.38,  -0.37,   -0.4,  -0.38]
[     0,      0,  -0.02, -0.039, -0.037, -0.036, -0.034, -0.033, -0.067, -0.066, -0.066, -0.098,  -0.11,  -0.13,  -0.16,  -0.19,  -0.18,  -0.23,  -0.26,  -0.28,  -0.36,  -0.33,  -0.35,  -0.33,  -0.31,  -0.34,  -0.35,  -0.36,  -0.38,  -0.34,  -0.37,  -0.39,  -0.38,  -0.41]
[     0,      0,      0,  -0.02, -0.039, -0.037, -0.036, -0.052, -0.066, -0.067, -0.066, -0.066, -0.098,   -0.1,  -0.13,  -0.18,  -0.19,  -0.18,  -0.23,  -0.26,   -0.3,  -0.36,  -0.33,  -0.35,  -0.33,  -0.31,  -0.34,  -0.36,  -0.36,  -0.38,  -0.34,  -0.35,   -0.4,   -0.4]
[     0,      0, -0.021,      0,  -0.02, -0.039, -0.037, -0.036, -0.052, -0.066, -0.067, -0.066, -0.066,   -0.1,   -0.1,  -0.13,  -0.18,  -0.19,  -0.18,  -0.25,  -0.26,   -0.3,  -0.36,  -0.33,  -0.35,  -0.33,  -0.31,  -0.34,  -0.36,  -0.36,  -0.38,  -0.34,  -0.37,  -0.42]
[     0,      0,      0, -0.021,      0,  -0.02, -0.039, -0.037, -0.036, -0.052, -0.066, -0.067, -0.066,   -0.1, -0.085,   -0.1,  -0.13,  -0.18,  -0.19,  -0.18,  -0.25,  -0.26,   -0.3,  -0.36,  -0.33,  -0.34,  -0.33,  -0.31,  -0.34,  -0.36,  -0.36,  -0.39,  -0.36,  -0.38]
[     0,      0,      0,      0, -0.021, -0.021,  -0.02, -0.058, -0.037, -0.036, -0.052, -0.066, -0.067, -0.067,   -0.1, -0.085,   -0.1,  -0.13,  -0.18,  -0.19,  -0.18,  -0.25,  -0.26,   -0.3,  -0.36,  -0.33,  -0.34,  -0.33,  -0.31,  -0.34,  -0.35,  -0.36,   -0.4,  -0.37]
[     0,      0,      0,      0,      0, -0.021, -0.021,  -0.02, -0.058, -0.037, -0.053, -0.052, -0.066, -0.051, -0.067,   -0.1,   -0.1,   -0.1,  -0.13,  -0.18,  -0.19,  -0.18,  -0.25,  -0.26,   -0.3,  -0.35,  -0.33,  -0.34,  -0.33,  -0.31,  -0.33,  -0.36,  -0.37,  -0.41]
[     0,      0,      0,      0,      0,      0, -0.021, -0.021,  -0.02, -0.058, -0.037, -0.036, -0.052,  -0.05, -0.051, -0.067,   -0.1,   -0.1,   -0.1,  -0.13,  -0.18,  -0.19,  -0.18,  -0.23,  -0.26,   -0.3,  -0.35,  -0.33,  -0.34,  -0.33,  -0.31,  -0.31,  -0.37,  -0.38]
[     0,      0,      0, -0.034,      0,      0, -0.022, -0.021, -0.021,  -0.02, -0.058, -0.037, -0.036, -0.035,  -0.05, -0.068, -0.067,   -0.1,   -0.1,   -0.1,  -0.13,  -0.18,  -0.19,  -0.18,  -0.23,  -0.26,   -0.3,  -0.35,  -0.33,  -0.34,  -0.32,  -0.29,  -0.32,  -0.38]
[     0, -0.042,      0,      0, -0.067,      0,      0, -0.022, -0.021, -0.021,  -0.02, -0.058, -0.037, -0.055, -0.035,  -0.05, -0.068, -0.067, -0.085,   -0.1,   -0.1,  -0.13,  -0.18,  -0.19,  -0.17,  -0.23,  -0.26,   -0.3,  -0.35,  -0.32,  -0.34,  -0.31,   -0.3,  -0.34]
[-0.034,      0, -0.042,      0,      0, -0.067,      0, -0.045, -0.022, -0.021, -0.021,  -0.02, -0.039, -0.019, -0.055, -0.035, -0.034, -0.068, -0.067,   -0.1,   -0.1,   -0.1,  -0.13,  -0.18,  -0.17,  -0.17,  -0.23,  -0.25,  -0.32,  -0.35,  -0.33,  -0.32,  -0.32,   -0.3]
[     0, -0.034,      0, -0.042,      0,      0, -0.067,      0, -0.045, -0.022, -0.021,      0,  -0.02,  -0.04, -0.038, -0.055, -0.035, -0.051, -0.068, -0.067,   -0.1,   -0.1,   -0.1,  -0.13,   -0.2,  -0.17,  -0.17,  -0.23,  -0.25,   -0.3,  -0.35,  -0.36,  -0.32,  -0.32]
[     0,      0, -0.034,      0, -0.042,      0,      0, -0.034,      0, -0.023, -0.022, -0.021,      0,      0,  -0.04, -0.038, -0.055, -0.035, -0.051, -0.068, -0.051,   -0.1,   -0.1, -0.086,  -0.14,  -0.18,  -0.17,  -0.17,  -0.23,  -0.26,   -0.3,  -0.33,  -0.37,  -0.33]
[-0.045,      0, -0.034, -0.034,      0, -0.042,      0,      0, -0.034,      0, -0.023, -0.022, -0.021, -0.022,      0,  -0.04, -0.038, -0.055, -0.035, -0.068, -0.052, -0.051,   -0.1, -0.086, -0.086,  -0.14,  -0.18,  -0.17,  -0.17,  -0.22,  -0.26,  -0.28,  -0.34,  -0.38]
[     0, -0.045,      0, -0.034, -0.034,      0, -0.042,      0,      0, -0.034,      0, -0.023, -0.022, -0.043, -0.022,      0,  -0.04, -0.038, -0.055, -0.035, -0.068, -0.052, -0.051,   -0.1, -0.086, -0.086,  -0.14,   -0.2,  -0.17,  -0.17,  -0.22,  -0.24,  -0.29,  -0.34]
[     0,      0, -0.045,      0, -0.069, -0.034,      0, -0.042,      0,      0, -0.034,      0, -0.023, -0.023, -0.065, -0.044,      0,  -0.04, -0.038, -0.055, -0.018, -0.052, -0.052, -0.051,   -0.1, -0.086, -0.086,  -0.15,   -0.2,  -0.19,  -0.16,  -0.19,  -0.25,   -0.3]
[-0.045,      0,      0, -0.091,      0,   -0.1, -0.034,      0, -0.083,      0,      0, -0.034,      0, -0.024, -0.023, -0.065, -0.067,      0,  -0.02, -0.019, -0.056, -0.018, -0.052, -0.069, -0.051, -0.086, -0.086, -0.086,  -0.17,   -0.2,  -0.18,  -0.14,   -0.2,  -0.25]
[     0, -0.045,      0,      0, -0.091,      0,   -0.1, -0.034,      0, -0.083,      0,      0, -0.034,  0.024, -0.024, -0.023, -0.044, -0.067,  0.021,  -0.02, -0.019, -0.056, -0.018, -0.069, -0.069, -0.034, -0.086, -0.086,   -0.1,  -0.16,  -0.19,  -0.16,  -0.14,  -0.22]
[-0.053,      0, -0.045,      0,      0, -0.091, -0.036,   -0.1, -0.034,      0, -0.083,      0,      0,      0,  0.024, -0.024, -0.023, -0.044, -0.067,  0.021,  -0.02, -0.019, -0.056, -0.018, -0.069, -0.069, -0.034, -0.086,  -0.07, -0.088,  -0.16,  -0.16,  -0.16,  -0.16]
[     0,  -0.11,      0, -0.045,      0, -0.056, -0.091, -0.036,   -0.1, -0.034,      0, -0.083,      0,  0.045,      0,  0.049, -0.048, -0.023, -0.044, -0.067,  0.021, -0.041, -0.019, -0.056,      0, -0.086, -0.053, -0.034, -0.086,  -0.07,  -0.11,  -0.12,  -0.17,  -0.18]
[     0,      0,  -0.11,  -0.05, -0.045,      0, -0.056, -0.091, -0.036, -0.071, -0.034,      0, -0.083,  0.037,  0.045, -0.036,  0.049, -0.048,      0, -0.067, -0.067,  0.021, -0.041,      0, -0.057,      0, -0.088, -0.053, -0.034,  -0.07,  -0.07, -0.089,  -0.18,  -0.19]
[ -0.17,      0,      0,  -0.11,   -0.1, -0.045, -0.056, -0.056, -0.091,      0, -0.071, -0.034,      0, -0.043,  0.037,  0.045, -0.036,  0.049, -0.048,      0, -0.067, -0.045,      0, -0.041,      0, -0.057,      0, -0.088, -0.053, -0.034,  -0.07, -0.055, -0.089,  -0.18]
[     0,  -0.12,      0, -0.056,  -0.11,   -0.1, -0.045, -0.056, -0.056, -0.091, -0.037, -0.071, -0.034,  0.042, -0.043,      0,  0.045, -0.036,  0.049, -0.048,      0, -0.067, -0.068,      0, -0.042,      0, -0.057,      0, -0.088, -0.053, -0.018, -0.054, -0.071, -0.089]
[     0,  0.059,  -0.12,      0, -0.056,  -0.11, -0.053,      0, -0.056, -0.056, -0.095,  -0.11, -0.071,      0,  0.042, -0.087,      0,  0.045, -0.036,  0.049, -0.024,      0, -0.045, -0.068,      0, -0.042,      0, -0.057,      0, -0.088, -0.036,      0, -0.071, -0.071]
[-0.062,      0,  0.059,  -0.18,      0, -0.056,  -0.17, -0.053,      0,  -0.11, -0.056, -0.095,  -0.11, -0.037,      0,  0.042, -0.087,      0,  0.045, -0.036,  0.049, -0.024,      0, -0.068, -0.068,      0, -0.042,      0, -0.058,  0.019, -0.071, -0.018, -0.018, -0.071]
[-0.071, -0.062, -0.059,  0.059,  -0.18,      0, -0.056,  -0.17,  -0.11,      0,  -0.11,      0, -0.095, -0.077, -0.037, -0.036,  0.042, -0.087,      0,  0.045, -0.036,  0.075, -0.024, -0.023, -0.068, -0.091,      0, -0.042,   0.02, -0.058,      0, -0.055, -0.018, -0.018]
[     0,  -0.14,  -0.19, -0.062,  0.059,  -0.18, -0.059,      0,  -0.17,  -0.16,      0,  -0.11, -0.059, -0.095, -0.077, -0.037, -0.071,  0.087, -0.087,      0,  0.095, -0.036,   0.05, -0.024,      0, -0.068, -0.093,      0, -0.042,   0.02, -0.077,      0, -0.073, -0.018]
[     0,  0.083,  -0.14,  -0.13, -0.062,  0.059,  -0.18, -0.059,      0,  -0.17,  -0.16,      0,  -0.11, -0.059,  -0.05,  -0.12, -0.037, -0.074,  0.043, -0.045,      0,  0.095,      0,   0.05,      0,      0, -0.091, -0.093,  0.022, -0.021,   0.02,  -0.06,      0, -0.073]
[     0,      0,  0.083,  -0.14,  -0.13, -0.062,  0.059,  -0.12,      0, -0.059,  -0.22,  -0.16, -0.048, -0.059, -0.059,  -0.05,  -0.12, -0.037,  -0.15,  0.043, -0.045,      0,  0.095,      0,   0.05,      0, -0.024,  -0.12,  -0.14,  0.022, -0.043,  0.062,  -0.12, -0.019]
[     0,  0.083,      0,  0.083,  -0.14,  -0.13,  -0.12,   0.12,  -0.12,      0, -0.059,  -0.18,  -0.11,   -0.1, -0.059, -0.062,  -0.05,  -0.12,      0,  -0.15,      0, -0.045,      0,  0.095,      0,  0.077,      0,      0,  -0.14,  -0.12,      0, -0.022,  0.041,  -0.12]
[-0.091,  0.091,  0.083,      0,  0.083, -0.077,  -0.13,  -0.12,   0.12,  -0.12,      0,  -0.12,  -0.18,  -0.11,   -0.1, -0.059, -0.062,  -0.15,  -0.12, -0.038,  -0.15,      0, -0.091, -0.038,  0.095,      0,  0.077, -0.025,      0,  -0.14,  -0.12,  0.023, -0.022,   0.02]
[     0, -0.091,  0.091,      0,      0,  0.083,  -0.15, -0.071, -0.067,   0.12,  -0.25,      0, -0.062,  -0.24,  -0.17,  -0.16,      0,  -0.12,   -0.2,  -0.12, -0.038,  -0.15, -0.043, -0.091, -0.077,   0.15,  0.038,  0.077, -0.026, -0.024,  -0.14, -0.098,      0, -0.022]
[     0,      0, -0.091,  0.091,  0.091,      0,   0.18,  -0.15,  -0.14,  -0.13,    0.2,   -0.2,  0.067,  -0.12,  -0.19,  -0.12,  -0.16,      0,  -0.12,   -0.3,  -0.16, -0.038,  -0.12,      0, -0.095,  -0.08,   0.15, -0.038,  0.079, -0.026,  -0.05,  -0.15, -0.098, -0.023]
[     0,      0,      0,      0,    0.2,  0.091,      0,   0.18,  -0.15,  -0.14,   -0.2,    0.2,   -0.2,  0.067, -0.067,  -0.25,  -0.12,  -0.16,      0,  -0.19,  -0.26,  -0.12,      0,  -0.12, -0.045, -0.095,  -0.08,   0.15, -0.038,  0.053, -0.026, -0.026,  -0.15, -0.098]
[     0,   -0.3,      0,    0.1,      0,    0.2,  0.091,      0,   0.18, -0.083, -0.077,  -0.14,    0.2,   -0.2,   0.14,  -0.13,  -0.25,  -0.12,  -0.16,      0,  -0.19,  -0.32,  -0.12,      0,  -0.12, -0.045,  -0.14,  -0.08,   0.15, -0.038,  0.081, -0.026, -0.051,  -0.15]
[     0,   0.11,  -0.33,   0.11,    0.1,   0.11,    0.2,    0.2,    0.1,   0.18, -0.083, -0.077,  -0.14,   0.21,  -0.14,   0.14,  -0.13,   -0.2,  -0.12,  -0.11,  0.067,  -0.13,  -0.32,  -0.12,      0,  -0.08, -0.045,  -0.14,  -0.08,   0.15,      0,  0.054,      0, -0.077]
[     0,      0,   0.11,  -0.44,   0.11,   0.22,  -0.22,   0.22,    0.1,      0,    0.2,  -0.17, -0.077,  -0.15,   0.14,  -0.21,  0.071,  -0.13,   -0.2,  -0.12,  -0.11,  0.067,   -0.2,  -0.28, -0.087,  0.042,  -0.08,      0,   -0.2, -0.042,   0.21,  -0.08,  0.083, -0.054]
[     0,   0.12,   0.12,   0.11,  -0.44,   0.25,  -0.11,  -0.22,   0.22,   0.22,      0,    0.1,  -0.18,  0.091, -0.083,   0.14,  -0.21,  0.077, -0.071,  -0.33,  -0.19,  -0.11,  0.067,   -0.2,  -0.28, -0.087,  0.042,  -0.12,      0,   -0.2, -0.083,   0.21, -0.083,  0.083]
[ -0.12,      0,   0.12,      0,   0.25,   -0.5,   0.25,  -0.11,  -0.12,   0.38,      0,   0.11,    0.1,   -0.2,  0.091, -0.083,   0.15,  -0.15,  0.077, -0.071,  -0.29,   -0.2, -0.059,   0.14,  -0.21,  -0.28, -0.045,  0.087,  -0.17,   0.05,   -0.2, -0.043,   0.28,  -0.12]
[     0,  -0.12,   0.14,   0.14,      0,   0.25,   -0.5,   0.43,      0,  -0.12,   0.38,      0,   0.11,   0.38,   -0.2,  0.091, -0.083,   0.15,  -0.15,  0.077, -0.071,  -0.29,   -0.2, -0.059,  0.071,  -0.21,  -0.29, -0.045,  0.087,  -0.13,   0.05,  -0.21, -0.043,   0.28]
[ -0.14,      0,      0,      0,   0.14,   0.14,   0.29,  -0.43,   0.29,      0,      0,   0.38,      0,   0.25,   0.25,   -0.2,  0.091,      0,   0.25, -0.083,   0.17,  -0.15,  -0.23,   -0.2,  -0.12,  0.071,  -0.21,  -0.35,      0,   0.14,  -0.13,   0.11,  -0.26,      0]
[ -0.17,  -0.17,   0.17,      0,      0,      0,  -0.14,   0.29,  -0.43,   0.14,   0.14,  -0.14,   0.29,      0,   0.25,   0.25,  -0.11,    0.1,      0,   0.25, -0.083,   0.17,  -0.15,  -0.23,  -0.14,  -0.19,   0.15,  -0.15,  -0.31, -0.048,   0.14, -0.091,   0.11,  -0.22]
[  -0.2,  -0.33,  -0.17,   0.17,   0.17,      0,   0.17,      0,    0.5,  -0.33,   0.33,      0,  -0.43,   0.29,   0.14,   0.43,   0.12,  -0.22,    0.1, -0.091,   0.27, -0.091,  0.091, -0.083,  -0.23,  -0.21,   -0.2,   0.15,  -0.23,  -0.31,      0,   0.14, -0.048,   0.17]
[     0,      0,   -0.2,      0,   0.17,   0.17,    0.2,   0.17,  -0.17,    0.5,  -0.67,   0.33,   0.17,  -0.33,   0.29,      0,   0.43,   0.29,  -0.12,   0.22,   -0.1,   0.27,  -0.36,      0,  -0.33,  -0.17,  -0.15,  -0.27,   0.17,  -0.17,  -0.33,  0.053,    0.1,  -0.14]
[     0,  -0.25,      0,   -0.4,   -0.2,    0.4,    0.4,    0.2,    0.4,      0,    0.8,   -0.6,    0.6,   0.17,  -0.33,    0.5,      0,   0.43,   0.14,  -0.12,   0.22,   -0.1,    0.4,   -0.4,    0.1,  -0.36, -0.091,  -0.15,  -0.21,  0.083,  -0.25,  -0.29,  0.053,   0.16]
[     0,   0.33,   -0.5,      0,  -0.25,      0,   0.75,    0.4,   0.25,    0.4,   -0.2,    0.6,   -0.6,    0.6,      0,   -0.2,   0.17,   0.17,   0.67,   0.17,  -0.25,   0.38,  -0.11,    0.4,   -0.4,    0.1,   -0.3, -0.091, -0.083,  -0.23,   0.18,  -0.18,  -0.29,      0]
[  -0.2,  -0.25,  -0.18,  -0.11,      0, -0.095,  -0.32,  -0.17, -0.083,  -0.04,   0.12,   0.14,   0.23,  0.067,   0.12,   0.12,  0.056,  0.026,   0.05,  0.049, -0.068, -0.043,  -0.02, -0.038, -0.088,  -0.25,  -0.25,  -0.31,  -0.29,   -0.3,   -0.3,  -0.25,  -0.22,  -0.23]

Difference Matrix:
[  0,   2,  -9,   0,  -3,  -4,  -3,   1,  -6, -10,  -1, -14,  -8,  -2,  -6, -11, -11, -10, -10,  -8,  -9,  -6,  -7,  -4,  -1, -12, -12,  -6,  -9, -15, -10,  -8,  -9,  -2]
[  0,   0,   1, -10,  -1,  -4,  -4,  -4,   0,  -7, -11,  -1, -16,  -9,  -4,  -6, -13, -12, -11, -12,  -9, -11,  -7,  -8,  -7,  -2, -12, -14,  -7,  -9, -17, -12,  -8, -11]
[  0,   0,  -1,   1, -10,  -1,  -4,  -5,  -5,   0,  -8, -12,  -2, -16,  -9,  -4,  -7, -14, -13, -11, -13, -10, -12,  -7,  -8,  -7,  -3, -14, -15,  -8, -10, -17, -13,  -9]
[  0,  -1,   0,  -1,   1, -11,  -2,  -5,  -5,  -5,  -1,  -8, -12,  -2, -17,  -9,  -5,  -7, -14, -13, -12, -13, -11, -12,  -8,  -9,  -8,  -3, -14, -15,  -9, -10, -18, -13]
[  0,  -1,  -1,  -1,  -2,   0, -11,  -2,  -5,  -6,  -5,  -1,  -8, -12,  -2, -17, -10,  -5,  -7, -15, -14, -12, -13, -11, -13,  -8,  -9,  -8,  -4, -15, -16,  -9, -11, -18]
[  0,   0,  -1,  -1,  -1,  -2,   0, -11,  -3,  -6,  -6,  -6,  -1,  -8, -12,  -2, -17, -10,  -5,  -8, -15, -14, -12, -14, -11, -13,  -8, -10,  -9,  -4, -15, -15, -10, -12]
[  0,   0,  -1,  -1,  -1,  -1,  -2,   0, -11,  -3,  -6,  -6,  -6,  -1,  -8, -12,  -2, -18, -10,  -6,  -8, -15, -14, -12, -14, -12, -14,  -9, -10,  -9,  -4, -14, -16, -10]
[  0,   0,  -1,  -1,  -1,  -2,  -2,  -3,  -1, -12,  -3,  -6,  -7,  -6,  -2,  -9, -13,  -3, -18, -11,  -6,  -8, -15, -14, -12, -14, -12, -14,  -9, -10,  -9,  -4, -15, -17]
[  0,   0,   0,  -1,  -1,  -2,  -2,  -2,  -3,  -1, -12,  -3,  -6,  -7,  -6,  -2,  -9, -13,  -3, -18, -11,  -6,  -8, -15, -14, -12, -14, -12, -14,  -9, -10,  -9,  -4, -16]
[  0,   0,  -1,   0,  -1,  -1,  -2,  -2,  -2,  -3,  -1, -12,  -3,  -6,  -7,  -6,  -2,  -9, -13,  -3, -18, -12,  -6,  -8, -15, -14, -13, -14, -12, -14,  -9, -10, -10,  -5]
[  0,  -1,   0,  -1,   0,  -1,  -1,  -2,  -2,  -2,  -4,  -1, -12,  -3,  -6,  -7,  -6,  -2,  -9, -13,  -3, -18, -12,  -6,  -8, -16, -14, -13, -14, -12, -14,  -8, -10, -11]
[  0,  -1,  -1,   0,  -1,   0,  -1,  -1,  -2,  -2,  -2,  -4,  -1, -12,  -3,  -6,  -7,  -7,  -2, -10, -13,  -3, -19, -12,  -6,  -8, -16, -15, -13, -15, -12, -14,  -9, -11]
[  0,   0,  -1,  -1,  -1,  -1,   0,  -1,  -2,  -2,  -2,  -2,  -4,  -1, -12,  -3,  -6,  -7,  -7,  -3, -10, -14,  -3, -20, -12,  -6,  -8, -16, -15, -13, -15, -11, -15,  -9]
[  0,   0,   0,  -1,  -1,  -1,  -1,   0,  -2,  -2,  -2,  -3,  -3,  -4,  -1, -12,  -3,  -6,  -8,  -8,  -3, -10, -14,  -4, -20, -12,  -6,  -9, -16, -15, -13, -15, -12, -16]
[  0,   0,   0,   0,  -1,  -1,  -1,  -1,  -1,  -2,  -2,  -2,  -3,  -2,  -4,  -1, -12,  -3,  -7,  -8,  -8,  -3, -10, -14,  -4, -20, -12,  -6,  -9, -16, -15, -12, -16, -13]
[  0,   0,   0,   0,  -1,  -1,  -1,  -1,  -1,  -1,  -2,  -2,  -2,  -2,  -2,  -5,  -1, -12,  -4,  -7,  -8,  -8,  -3, -10, -15,  -5, -20, -12,  -6,  -9, -16, -14, -13, -16]
[  0,   0,   0,   0,   0,  -1,  -1,  -1,  -1,  -1,  -1,  -2,  -2,  -2,  -2,  -2,  -5,  -1, -13,  -4,  -8,  -8,  -8,  -3, -10, -15,  -5, -20, -12,  -7,  -9, -15, -15, -14]
[  0,   0,   0,   0,   0,   0,  -1,  -1,  -1,  -1,  -1,  -1,  -2,  -2,  -2,  -2,  -3,  -5,  -2, -13,  -4,  -8,  -8,  -8,  -3, -10, -15,  -5, -20, -13,  -7,  -9, -16, -15]
[  0,   0,   0,   0,   0,   0,   0,  -1,  -1,  -1,  -1,  -1,  -1,  -2,  -2,  -2,  -3,  -3,  -6,  -3, -14,  -4,  -8,  -8,  -8,  -3, -10, -15,  -5, -21, -13,  -6, -10, -17]
[  0,   0,   0,  -1,  -1,   0,  -1,   0,  -1,  -1,  -1,  -1,  -2,  -1,  -1,  -2,  -2,  -3,  -4,  -6,  -3, -14,  -5,  -8,  -8,  -8,  -4, -10, -15,  -5, -21, -13,  -7, -11]
[  0,  -1,  -1,  -1,  -1,  -1,  -1,  -1,  -1,  -1,  -2,  -2,  -2,  -1,  -1,  -2,  -2,  -2,  -4,  -5,  -7,  -3, -14,  -5,  -8,  -8,  -8,  -4, -10, -15,  -5, -20, -13,  -7]
[  0,  -2,  -3,  -3,  -2,  -3,  -3,  -2,  -3,  -2,  -2,  -3,  -3,  -2,  -2,  -1,  -2,  -3,  -3,  -4,  -5,  -7,  -3, -14,  -5,  -8,  -8,  -8,  -4, -10, -15,  -6, -20, -13]
[  0,  -1,  -4,  -5,  -4,  -4,  -4,  -4,  -3,  -4,  -3,  -4,  -4,  -3,  -3,  -3,  -2,  -3,  -4,  -5,  -5,  -5,  -7,  -3, -14,  -5,  -8,  -8,  -8,  -5, -11, -14,  -7, -21]
[  0,  -1,  -3,  -6,  -6,  -6,  -6,  -6,  -6,  -5,  -6,  -5,  -5,  -6,  -5,  -5,  -5,  -4,  -4,  -5,  -6,  -6,  -6,  -8,  -4, -14,  -5,  -8,  -9,  -9,  -5, -10, -15,  -8]
[  0,  -2,  -3,  -5,  -7,  -8,  -8,  -7,  -8,  -7,  -7,  -8,  -8,  -7,  -7,  -6,  -7,  -7,  -6,  -6,  -7,  -7,  -7,  -7,  -9,  -5, -15,  -6,  -9, -10, -10,  -5, -11, -16]
[  0,  -1,  -3,  -5,  -7,  -9, -10,  -9,  -9,  -9,  -9,  -9, -11, -10,  -8,  -9,  -8,  -9, -10,  -8,  -8,  -8,  -9,  -9,  -9, -11,  -6, -17,  -8, -11, -11, -10,  -6, -13]
[  0,  -2,  -3,  -5,  -7,  -8, -10, -11, -11, -11, -11, -11, -12, -13, -11, -10, -11, -11, -12, -14, -10,  -9,  -9, -11, -11, -11, -12,  -9, -19, -10, -12, -12, -11,  -8]
[  0,  -1,  -3,  -4,  -6,  -8, -10, -12, -13, -13, -12, -13, -13, -13, -14, -12, -12, -13, -13, -15, -15, -10, -11, -11, -13, -13, -13, -15, -11, -21, -11, -13, -14, -14]
[  0,  -2,  -2,  -4,  -5,  -7,  -9, -11, -13, -14, -14, -14, -14, -14, -14, -15, -14, -13, -15, -16, -16, -16, -12, -13, -13, -15, -15, -16, -16, -14, -23, -12, -15, -16]
[  0,  -1,  -3,  -3,  -5,  -6,  -8, -10, -13, -14, -15, -16, -15, -14, -15, -14, -17, -15, -15, -17, -17, -17, -17, -14, -14, -15, -16, -17, -17, -18, -15, -24, -14, -19]
[  0,  -1,  -2,  -3,  -4,  -7,  -7,  -9, -12, -14, -15, -16, -17, -16, -15, -15, -16, -18, -16, -18, -18, -17, -18, -18, -15, -16, -16, -18, -18, -19, -19, -15, -27, -16]
[  0,   0,  -1,  -3,  -5,  -5,  -8,  -8, -10, -12, -14, -16, -17, -19, -17, -16, -16, -16, -19, -18, -18, -19, -18, -19, -19, -16, -17, -17, -19, -19, -20, -19, -18, -29]
[  0,  -1,  -1,  -2,  -4,  -6,  -6,  -8,  -9, -11, -13, -15, -17, -17, -19, -17, -17, -17, -17, -20, -19, -18, -19, -19, -19, -20, -16, -18, -18, -19, -20, -20, -21, -19]
[  0,  -1,  -2,  -2,  -3,  -4,  -7,  -7,  -9,  -9, -11, -14, -16, -19, -18, -19, -18, -17, -18, -18, -21, -19, -19, -20, -20, -20, -21, -17, -18, -19, -20, -21, -22, -23]
[  0,   0,  -1,  -2,  -2,  -3,  -5,  -7,  -8, -11, -10, -12, -14, -14, -19, -18, -20, -18, -18, -19, -19, -21, -19, -19, -20, -21, -21, -21, -18, -19, -19, -19, -23, -24]
[  0,   0,  -1,  -2,  -3,  -2,  -3,  -5,  -8,  -8, -11, -10, -12, -14, -15, -19, -18, -20, -18, -19, -19, -19, -21, -19, -20, -21, -21, -21, -22, -18, -19, -18, -21, -25]
[  0,  -1,  -1,  -1,  -2,  -3,  -3,  -4,  -6,  -8, -10, -11, -11, -13, -14, -15, -20, -19, -20, -21, -19, -19, -19, -22, -20, -20, -21, -22, -21, -22, -18, -21, -20, -23]
[ -1,  -1,  -1,  -1,  -2,  -2,  -3,  -3,  -5,  -6,  -9, -10, -12, -10, -13, -15, -15, -20, -19, -21, -21, -19, -20, -19, -22, -20, -20, -21, -22, -22, -22, -18, -22, -21]
[  0,  -2,  -1,  -1,  -1,  -2,  -3,  -4,  -3,  -6,  -6,  -9, -11, -11, -11, -13, -15, -15, -20, -20, -22, -21, -19, -19, -19, -22, -20, -20, -21, -22, -22, -21, -19, -24]
[  0,   0,  -2,  -1,  -2,  -2,  -2,  -4,  -4,  -4,  -6,  -7,  -9, -10, -11, -11, -13, -15, -15, -21, -20, -22, -21, -19, -20, -20, -22, -20, -20, -21, -22, -21, -23, -21]
[  0,   0,  -1,  -2,  -2,  -2,  -2,  -2,  -4,  -4,  -4,  -6,  -7,  -8, -10, -11, -11, -13, -15, -16, -21, -20, -22, -21, -19, -20, -20, -22, -21, -20, -21, -22, -22, -24]
[  0,   0,   0,  -1,  -2,  -2,  -2,  -3,  -4,  -4,  -4,  -4,  -6,  -6,  -8, -11, -11, -11, -13, -15, -17, -21, -20, -22, -21, -19, -20, -21, -22, -21, -20, -19, -23, -24]
[  0,   0,  -1,   0,  -1,  -2,  -2,  -2,  -3,  -4,  -4,  -4,  -4,  -6,  -6,  -8, -11, -11, -11, -14, -15, -17, -21, -20, -22, -21, -19, -20, -21, -22, -21, -19, -21, -25]
[  0,   0,   0,  -1,   0,  -1,  -2,  -2,  -2,  -3,  -4,  -4,  -4,  -6,  -5,  -6,  -8, -11, -11, -11, -14, -15, -17, -21, -20, -21, -21, -19, -20, -21, -22, -21, -21, -22]
[  0,   0,   0,   0,  -1,  -1,  -1,  -3,  -2,  -2,  -3,  -4,  -4,  -4,  -6,  -5,  -6,  -8, -11, -11, -11, -14, -15, -17, -21, -20, -21, -21, -19, -20, -20, -21, -22, -22]
[  0,   0,   0,   0,   0,  -1,  -1,  -1,  -3,  -2,  -3,  -3,  -4,  -3,  -4,  -6,  -6,  -6,  -8, -11, -11, -11, -14, -15, -17, -20, -20, -21, -21, -19, -19, -20, -22, -23]
[  0,   0,   0,   0,   0,   0,  -1,  -1,  -1,  -3,  -2,  -2,  -3,  -3,  -3,  -4,  -6,  -6,  -6,  -8, -11, -11, -11, -13, -15, -17, -20, -20, -21, -21, -19, -17, -21, -23]
[  0,   0,   0,  -1,   0,   0,  -1,  -1,  -1,  -1,  -3,  -2,  -2,  -2,  -3,  -4,  -4,  -6,  -6,  -6,  -8, -11, -11, -11, -13, -15, -17, -20, -20, -21, -20, -17, -18, -22]
[  0,  -1,   0,   0,  -2,   0,   0,  -1,  -1,  -1,  -1,  -3,  -2,  -3,  -2,  -3,  -4,  -4,  -5,  -6,  -6,  -8, -11, -11, -10, -13, -15, -17, -20, -19, -21, -19, -18, -20]
[ -1,   0,  -1,   0,   0,  -2,   0,  -2,  -1,  -1,  -1,  -1,  -2,  -1,  -3,  -2,  -2,  -4,  -4,  -6,  -6,  -6,  -8, -11, -10, -10, -13, -14, -18, -20, -20, -19, -20, -18]
[  0,  -1,   0,  -1,   0,   0,  -2,   0,  -2,  -1,  -1,   0,  -1,  -2,  -2,  -3,  -2,  -3,  -4,  -4,  -6,  -6,  -6,  -8, -12, -10, -10, -13, -14, -17, -20, -21, -19, -20]
[  0,   0,  -1,   0,  -1,   0,   0,  -1,   0,  -1,  -1,  -1,   0,   0,  -2,  -2,  -3,  -2,  -3,  -4,  -3,  -6,  -6,  -5,  -8, -11, -10, -10, -13, -15, -17, -18, -22, -20]
[ -1,   0,  -1,  -1,   0,  -1,   0,   0,  -1,   0,  -1,  -1,  -1,  -1,   0,  -2,  -2,  -3,  -2,  -4,  -3,  -3,  -6,  -5,  -5,  -8, -11, -10, -10, -12, -15, -15, -19, -23]
[  0,  -1,   0,  -1,  -1,   0,  -1,   0,   0,  -1,   0,  -1,  -1,  -2,  -1,   0,  -2,  -2,  -3,  -2,  -4,  -3,  -3,  -6,  -5,  -5,  -8, -12, -10, -10, -12, -13, -16, -19]
[  0,   0,  -1,   0,  -2,  -1,   0,  -1,   0,   0,  -1,   0,  -1,  -1,  -3,  -2,   0,  -2,  -2,  -3,  -1,  -3,  -3,  -3,  -6,  -5,  -5,  -9, -12, -11,  -9, -10, -14, -17]
[ -1,   0,   0,  -2,   0,  -3,  -1,   0,  -2,   0,   0,  -1,   0,  -1,  -1,  -3,  -3,   0,  -1,  -1,  -3,  -1,  -3,  -4,  -3,  -5,  -5,  -5, -10, -12, -10,  -8, -11, -14]
[  0,  -1,   0,   0,  -2,   0,  -3,  -1,   0,  -2,   0,   0,  -1,   1,  -1,  -1,  -2,  -3,   1,  -1,  -1,  -3,  -1,  -4,  -4,  -2,  -5,  -5,  -6,  -9, -11,  -9,  -8, -12]
[ -1,   0,  -1,   0,   0,  -2,  -1,  -3,  -1,   0,  -2,   0,   0,   0,   1,  -1,  -1,  -2,  -3,   1,  -1,  -1,  -3,  -1,  -4,  -4,  -2,  -5,  -4,  -5,  -9,  -9,  -9,  -9]
[  0,  -2,   0,  -1,   0,  -1,  -2,  -1,  -3,  -1,   0,  -2,   0,   1,   0,   2,  -2,  -1,  -2,  -3,   1,  -2,  -1,  -3,   0,  -5,  -3,  -2,  -5,  -4,  -6,  -7, -10, -10]
[  0,   0,  -2,  -1,  -1,   0,  -1,  -2,  -1,  -2,  -1,   0,  -2,   1,   1,  -1,   2,  -2,   0,  -3,  -3,   1,  -2,   0,  -3,   0,  -5,  -3,  -2,  -4,  -4,  -5, -10, -11]
[ -3,   0,   0,  -2,  -2,  -1,  -1,  -1,  -2,   0,  -2,  -1,   0,  -1,   1,   1,  -1,   2,  -2,   0,  -3,  -2,   0,  -2,   0,  -3,   0,  -5,  -3,  -2,  -4,  -3,  -5, -10]
[  0,  -2,   0,  -1,  -2,  -2,  -1,  -1,  -1,  -2,  -1,  -2,  -1,   1,  -1,   0,   1,  -1,   2,  -2,   0,  -3,  -3,   0,  -2,   0,  -3,   0,  -5,  -3,  -1,  -3,  -4,  -5]
[  0,   1,  -2,   0,  -1,  -2,  -1,   0,  -1,  -1,  -2,  -3,  -2,   0,   1,  -2,   0,   1,  -1,   2,  -1,   0,  -2,  -3,   0,  -2,   0,  -3,   0,  -5,  -2,   0,  -4,  -4]
[ -1,   0,   1,  -3,   0,  -1,  -3,  -1,   0,  -2,  -1,  -2,  -3,  -1,   0,   1,  -2,   0,   1,  -1,   2,  -1,   0,  -3,  -3,   0,  -2,   0,  -3,   1,  -4,  -1,  -1,  -4]
[ -1,  -1,  -1,   1,  -3,   0,  -1,  -3,  -2,   0,  -2,   0,  -2,  -2,  -1,  -1,   1,  -2,   0,   1,  -1,   3,  -1,  -1,  -3,  -4,   0,  -2,   1,  -3,   0,  -3,  -1,  -1]
[  0,  -2,  -3,  -1,   1,  -3,  -1,   0,  -3,  -3,   0,  -2,  -1,  -2,  -2,  -1,  -2,   2,  -2,   0,   2,  -1,   2,  -1,   0,  -3,  -4,   0,  -2,   1,  -4,   0,  -4,  -1]
[  0,   1,  -2,  -2,  -1,   1,  -3,  -1,   0,  -3,  -3,   0,  -2,  -1,  -1,  -3,  -1,  -2,   1,  -1,   0,   2,   0,   2,   0,   0,  -4,  -4,   1,  -1,   1,  -3,   0,  -4]
[  0,   0,   1,  -2,  -2,  -1,   1,  -2,   0,  -1,  -4,  -3,  -1,  -1,  -1,  -1,  -3,  -1,  -4,   1,  -1,   0,   2,   0,   2,   0,  -1,  -5,  -6,   1,  -2,   3,  -6,  -1]
[  0,   1,   0,   1,  -2,  -2,  -2,   2,  -2,   0,  -1,  -3,  -2,  -2,  -1,  -1,  -1,  -3,   0,  -4,   0,  -1,   0,   2,   0,   3,   0,   0,  -6,  -5,   0,  -1,   2,  -6]
[ -1,   1,   1,   0,   1,  -1,  -2,  -2,   2,  -2,   0,  -2,  -3,  -2,  -2,  -1,  -1,  -3,  -3,  -1,  -4,   0,  -2,  -1,   2,   0,   3,  -1,   0,  -6,  -5,   1,  -1,   1]
[  0,  -1,   1,   0,   0,   1,  -2,  -1,  -1,   2,  -4,   0,  -1,  -4,  -3,  -3,   0,  -2,  -4,  -3,  -1,  -4,  -1,  -2,  -2,   3,   1,   3,  -1,  -1,  -6,  -4,   0,  -1]
[  0,   0,  -1,   1,   1,   0,   2,  -2,  -2,  -2,   3,  -3,   1,  -2,  -3,  -2,  -3,   0,  -2,  -6,  -4,  -1,  -3,   0,  -2,  -2,   3,  -1,   3,  -1,  -2,  -6,  -4,  -1]
[  0,   0,   0,   0,   2,   1,   0,   2,  -2,  -2,  -3,   3,  -3,   1,  -1,  -4,  -2,  -3,   0,  -3,  -5,  -3,   0,  -3,  -1,  -2,  -2,   3,  -1,   2,  -1,  -1,  -6,  -4]
[  0,  -3,   0,   1,   0,   2,   1,   0,   2,  -1,  -1,  -2,   3,  -3,   2,  -2,  -4,  -2,  -3,   0,  -3,  -6,  -3,   0,  -3,  -1,  -3,  -2,   3,  -1,   3,  -1,  -2,  -6]
[  0,   1,  -3,   1,   1,   1,   2,   2,   1,   2,  -1,  -1,  -2,   3,  -2,   2,  -2,  -3,  -2,  -2,   1,  -2,  -6,  -3,   0,  -2,  -1,  -3,  -2,   3,   0,   2,   0,  -3]
[  0,   0,   1,  -4,   1,   2,  -2,   2,   1,   0,   2,  -2,  -1,  -2,   2,  -3,   1,  -2,  -3,  -2,  -2,   1,  -3,  -5,  -2,   1,  -2,   0,  -4,  -1,   4,  -2,   3,  -2]
[  0,   1,   1,   1,  -4,   2,  -1,  -2,   2,   2,   0,   1,  -2,   1,  -1,   2,  -3,   1,  -1,  -5,  -3,  -2,   1,  -3,  -5,  -2,   1,  -3,   0,  -4,  -2,   4,  -2,   3]
[ -1,   0,   1,   0,   2,  -4,   2,  -1,  -1,   3,   0,   1,   1,  -2,   1,  -1,   2,  -2,   1,  -1,  -4,  -3,  -1,   2,  -3,  -5,  -1,   2,  -4,   1,  -4,  -1,   5,  -3]
[  0,  -1,   1,   1,   0,   2,  -4,   3,   0,  -1,   3,   0,   1,   3,  -2,   1,  -1,   2,  -2,   1,  -1,  -4,  -3,  -1,   1,  -3,  -5,  -1,   2,  -3,   1,  -4,  -1,   5]
[ -1,   0,   0,   0,   1,   1,   2,  -3,   2,   0,   0,   3,   0,   2,   2,  -2,   1,   0,   3,  -1,   2,  -2,  -3,  -3,  -2,   1,  -3,  -6,   0,   3,  -3,   2,  -5,   0]
[ -1,  -1,   1,   0,   0,   0,  -1,   2,  -3,   1,   1,  -1,   2,   0,   2,   2,  -1,   1,   0,   3,  -1,   2,  -2,  -3,  -2,  -3,   2,  -2,  -5,  -1,   3,  -2,   2,  -4]
[ -1,  -2,  -1,   1,   1,   0,   1,   0,   3,  -2,   2,   0,  -3,   2,   1,   3,   1,  -2,   1,  -1,   3,  -1,   1,  -1,  -3,  -3,  -3,   2,  -3,  -5,   0,   3,  -1,   3]
[  0,   0,  -1,   0,   1,   1,   1,   1,  -1,   3,  -4,   2,   1,  -2,   2,   0,   3,   2,  -1,   2,  -1,   3,  -4,   0,  -4,  -2,  -2,  -4,   2,  -2,  -5,   1,   2,  -3]
[  0,  -1,   0,  -2,  -1,   2,   2,   1,   2,   0,   4,  -3,   3,   1,  -2,   3,   0,   3,   1,  -1,   2,  -1,   4,  -4,   1,  -4,  -1,  -2,  -3,   1,  -3,  -4,   1,   3]
[  0,   1,  -2,   0,  -1,   0,   3,   2,   1,   2,  -1,   3,  -3,   3,   0,  -1,   1,   1,   4,   1,  -2,   3,  -1,   4,  -4,   1,  -3,  -1,  -1,  -3,   2,  -2,  -4,   0]
[ -3,  -4,  -3,  -2,   0,  -2,  -7,  -4,  -2,  -1,   3,   4,   7,   2,   4,   4,   2,   1,   2,   2,  -3,  -2,  -1,  -2,  -5, -15, -16, -21, -21, -23, -25, -21, -19, -21]

Column Sums of Difference Matrix:
[     -18]
[     -40]
[     -76]
[  -1e+02]
[-1.3e+02]
[-1.5e+02]
[-1.9e+02]
[-2.1e+02]
[-2.5e+02]
[-2.8e+02]
[-3.1e+02]
[-3.4e+02]
[-3.8e+02]
[-3.8e+02]
[  -4e+02]
[-4.4e+02]
[-4.8e+02]
[-5.2e+02]
[-5.6e+02]
[-6.2e+02]
[-6.5e+02]
[-6.6e+02]
[  -7e+02]
[-7.2e+02]
[-7.5e+02]
[-7.8e+02]
[-8.1e+02]
[-8.5e+02]
[-8.8e+02]
[-9.2e+02]
[-9.4e+02]
[  -9e+02]
[-9.8e+02]
[-1.1e+03]

migration 
0 2 0 0 1 0 0 0 4 0 0 4 0 3 0 1 1 0 1 0 1 0 0 2 0 0 1 1 0 0 2 0 1 0
0 0 0 0 0 0 0 0 0 0 0 2 0 1 0 1 0 0 1 0 1 1 2 2 0 2 2 1 1 2 1 0 2 0
0 0 0 0 0 0 0 0 0 0 0 0 0 0 0 0 0 0 0 0 0 0 0 0 0 0 0 0 0 0 0 0 0 0
0 0 0 0 0 0 0 0 0 0 0 0 0 0 0 0 0 0 0 0 0 0 0 0 0 0 0 0 0 0 0 0 0 0
0 0 0 0 0 0 0 0 0 0 0 0 0 0 0 0 0 0 0 0 0 0 0 0 0 0 0 0 0 0 0 0 0 0
0 0 0 0 0 0 0 0 0 0 0 0 0 0 0 0 0 0 0 0 0 0 0 0 0 0 0 0 0 0 0 0 0 0
0 0 0 0 0 0 0 0 0 0 0 0 0 0 0 0 0 0 0 0 0 0 0 0 0 0 0 0 0 0 0 0 0 0
0 0 0 0 0 0 0 0 0 0 0 0 0 0 0 0 0 0 0 0 0 0 0 0 0 0 0 0 0 0 0 0 0 0
0 0 0 0 0 0 0 0 0 0 0 0 0 0 0 0 0 0 0 0 0 0 0 0 0 0 0 0 0 0 0 0 0 0
0 0 0 0 0 0 0 0 0 0 0 0 0 0 0 0 0 0 0 0 0 0 0 0 0 0 0 0 0 0 0 0 0 0
0 0 0 0 0 0 0 0 0 0 0 0 0 0 0 0 0 0 0 0 0 0 0 0 0 0 0 0 0 0 0 0 0 0
0 0 0 0 0 0 0 0 0 0 0 0 0 0 0 0 0 0 0 0 0 0 0 0 0 0 0 0 0 0 0 0 0 0
0 0 0 0 0 0 0 0 0 0 0 0 0 0 0 0 0 0 0 0 0 0 0 0 0 0 0 0 0 0 0 0 0 0
0 0 0 0 0 0 0 0 0 0 0 0 0 0 0 0 0 0 0 0 0 0 0 0 0 0 0 0 0 0 0 0 0 0
0 0 0 0 0 0 0 0 0 0 0 0 0 0 0 0 0 0 0 0 0 0 0 0 0 0 0 0 0 0 0 0 0 0
0 0 0 0 0 0 0 0 0 0 0 0 0 0 0 0 0 0 0 0 0 0 0 0 0 0 0 0 0 0 0 0 0 0
0 0 0 0 0 0 0 0 0 0 0 0 0 0 0 0 0 0 0 0 0 0 0 0 0 0 0 0 0 0 0 0 0 0
0 0 0 0 0 0 0 0 0 0 0 0 0 0 0 0 0 0 0 0 0 0 0 0 0 0 0 0 0 0 0 0 0 0
0 0 0 0 0 0 0 0 0 0 0 0 0 0 0 0 0 0 0 0 0 0 0 0 0 0 0 0 0 0 0 0 0 0
0 0 0 0 0 0 0 0 0 0 0 0 0 0 0 0 0 0 0 0 0 0 0 0 0 0 0 0 0 0 0 0 0 0
0 0 0 0 0 0 0 0 0 0 0 0 0 0 0 0 0 0 0 0 0 0 0 0 0 0 0 0 0 0 0 0 0 0
0 0 0 0 0 0 0 0 0 0 0 0 0 0 0 0 0 0 0 0 0 0 0 0 0 0 0 0 0 0 0 0 0 0
0 0 0 0 0 0 0 0 0 0 0 0 0 0 0 0 0 0 0 0 0 0 0 0 0 0 0 0 0 0 0 0 0 0
0 0 0 0 0 0 0 0 0 0 0 0 1 0 0 0 0 0 1 1 0 0 0 0 0 0 0 0 0 0 0 0 0 0
0 0 0 0 0 0 0 0 0 0 0 0 0 0 0 0 0 0 1 1 0 0 0 0 0 0 0 0 0 0 0 0 0 0
0 0 0 0 0 0 0 0 0 0 0 0 0 0 0 0 0 0 0 1 0 0 0 0 0 0 0 0 0 0 0 0 1 0
0 0 0 0 0 0 0 0 0 0 0 0 0 0 0 0 0 0 0 0 0 0 0 0 0 0 0 0 0 0 0 0 1 0
0 0 0 0 0 0 0 0 0 0 0 0 0 0 0 0 0 0 0 1 0 0 0 0 0 0 0 0 0 0 0 0 1 0
0 0 0 0 0 0 0 0 0 0 0 0 0 0 0 0 0 0 0 0 0 0 0 0 0 0 0 0 0 0 0 0 1 0
0 0 0 0 0 0 0 0 0 0 0 0 0 0 0 0 0 0 0 0 0 0 0 0 0 0 0 0 0 0 0 0 1 0
0 0 0 0 0 0 0 0 0 0 0 0 0 0 0 0 0 0 0 0 0 0 0 0 0 0 0 0 0 0 0 0 0 0
0 0 0 0 0 0 0 0 0 0 0 0 0 0 0 0 0 0 0 0 0 0 0 0 0 0 0 0 0 0 0 0 0 0
0 0 0 0 0 0 0 0 0 0 0 0 0 0 0 0 0 0 0 0 0 0 0 0 0 0 0 0 0 0 0 0 0 0
0 0 0 0 0 0 0 0 0 0 0 0 0 0 0 0 0 0 0 0 0 0 0 0 0 0 0 0 0 0 0 0 0 0
0 0 0 0 0 0 0 0 0 0 0 0 0 0 0 0 0 0 0 0 0 0 0 0 0 0 0 0 0 0 0 0 0 0
0 0 0 0 0 0 0 0 0 0 0 0 0 0 0 0 0 0 0 0 0 0 0 0 0 0 0 0 0 0 0 0 0 0
0 0 0 0 0 0 0 0 0 0 0 0 0 0 0 0 0 0 0 0 0 0 0 0 0 0 0 0 0 0 0 0 0 0
0 0 0 0 0 0 0 0 0 0 0 0 0 0 0 0 0 0 0 0 0 0 0 0 0 0 0 0 0 0 0 0 0 0
0 0 0 0 0 0 0 0 0 0 0 0 0 0 0 0 0 0 0 0 0 0 0 0 0 0 0 0 0 0 0 0 0 0
0 0 0 0 0 0 0 0 0 0 0 0 0 0 0 0 0 0 0 0 0 0 0 0 0 0 0 0 0 0 0 0 0 0
0 0 0 0 0 0 0 0 0 0 0 0 0 0 0 0 0 0 0 0 0 0 0 0 0 0 0 0 0 0 0 0 0 0
0 0 0 0 0 0 0 0 0 0 0 0 0 0 0 0 0 0 0 0 0 0 0 0 0 0 0 0 0 0 0 0 0 0
0 0 0 0 0 0 0 0 0 0 0 0 0 0 0 0 0 0 0 0 0 0 0 0 0 0 0 0 0 0 0 0 0 0
0 0 0 0 0 0 0 0 0 0 0 0 0 0 0 0 0 0 0 0 0 0 0 0 0 0 0 0 0 0 0 0 0 0
0 0 0 0 0 0 0 0 0 0 0 0 0 0 0 0 0 0 0 0 0 0 0 0 0 0 0 0 0 0 0 0 0 0
0 0 0 0 0 0 0 0 0 0 0 0 0 0 0 0 0 0 0 0 0 0 0 0 0 0 0 0 0 0 0 0 0 0
0 0 0 0 0 0 0 0 0 0 0 0 0 0 0 0 0 0 0 0 0 0 0 0 0 0 0 0 0 0 0 0 0 0
0 0 0 0 0 0 0 0 0 0 0 0 0 0 0 0 0 0 0 0 0 0 0 0 0 0 0 0 0 0 0 0 0 0
0 0 0 0 0 0 0 0 0 0 0 0 0 0 0 0 0 0 0 0 0 0 0 0 0 0 0 0 0 0 0 0 0 0
0 0 0 0 0 0 0 0 0 0 0 0 0 0 0 0 0 0 0 0 0 0 0 0 0 0 0 0 0 0 0 0 0 1
0 0 0 0 0 0 0 0 0 0 0 0 0 0 0 0 0 0 0 0 0 0 0 0 0 0 0 0 0 0 0 0 1 1
0 0 0 0 0 0 0 0 0 0 0 0 0 0 0 0 0 0 0 0 0 0 0 0 0 0 0 0 0 0 0 0 0 0
0 0 0 0 0 0 0 0 0 0 0 0 0 0 0 0 0 0 0 0 0 0 0 0 0 0 0 0 0 0 0 0 0 0
0 0 0 0 0 0 0 0 0 0 0 0 0 0 0 0 0 0 0 0 0 0 0 0 0 0 0 0 0 0 0 0 0 0
0 0 0 0 0 0 0 0 0 0 0 0 0 0 0 0 0 0 0 0 0 0 0 0 0 0 0 0 0 0 0 0 0 0
0 0 0 0 0 0 0 0 0 0 0 0 0 0 0 0 0 0 0 0 0 0 0 0 0 0 0 0 0 0 0 0 0 0
0 0 0 0 0 0 0 0 0 0 0 0 0 0 0 0 0 0 0 0 0 0 0 0 0 0 0 0 0 0 0 0 0 0
0 0 0 0 0 0 0 0 0 0 0 0 0 0 0 0 0 0 0 0 0 0 0 0 0 0 0 0 0 0 0 0 0 0
0 0 0 0 0 0 0 0 0 0 0 0 0 0 0 0 0 0 0 0 0 0 0 0 0 0 0 0 0 0 0 0 0 0
0 0 0 0 0 0 0 0 0 0 0 0 0 0 0 0 0 0 0 0 0 0 0 0 0 0 0 0 0 0 0 0 0 0
0 0 0 0 0 0 0 0 0 0 0 0 0 0 0 0 0 0 0 0 0 0 0 0 0 0 0 0 0 0 0 0 0 0
0 0 0 0 0 0 0 0 0 0 0 0 0 0 0 0 0 0 0 0 0 0 0 0 0 0 0 0 0 0 0 0 0 0
0 0 0 0 0 0 0 0 0 0 0 0 0 0 0 0 0 0 0 0 0 0 0 0 0 0 0 0 0 0 0 0 0 0
0 0 0 0 0 0 0 0 0 0 0 0 0 0 0 0 0 0 0 0 0 0 0 0 0 0 0 0 0 0 0 0 0 0
0 0 0 0 0 0 0 0 0 0 0 0 0 0 0 0 0 0 0 0 0 0 0 0 0 0 0 0 0 0 0 0 0 0
0 0 0 0 0 0 0 0 0 0 0 0 0 0 0 0 0 0 0 0 0 0 0 0 0 0 0 0 0 0 0 0 0 0
0 0 0 0 0 0 0 0 0 0 0 0 0 0 0 0 0 0 0 0 0 0 0 0 0 0 0 0 0 0 0 0 0 0
0 0 0 0 0 0 0 0 0 0 0 0 0 0 0 0 0 0 0 0 0 0 0 0 0 0 0 0 0 0 0 0 0 0
0 0 0 0 0 0 0 0 0 0 0 0 0 0 0 0 0 0 0 0 0 0 0 0 0 0 0 0 0 0 0 0 0 0
0 0 0 0 0 0 0 0 0 0 0 0 0 0 0 0 0 0 0 0 0 0 0 0 0 0 0 0 0 0 0 0 0 0
0 0 0 0 0 0 0 0 0 0 0 0 0 0 0 0 0 0 0 0 0 0 0 0 0 0 0 0 0 0 0 0 0 0
0 0 0 0 0 0 0 0 0 0 0 0 0 0 0 0 0 0 0 0 0 0 0 0 0 0 0 0 0 0 0 0 0 0
0 0 0 0 0 0 0 0 0 0 0 0 0 0 0 0 0 0 0 0 0 0 0 0 0 0 0 0 0 0 0 0 0 0
0 0 0 0 0 0 0 0 0 0 0 0 0 0 0 0 0 0 0 0 0 0 0 0 0 0 0 0 0 0 0 0 0 0
0 0 0 0 0 0 0 0 0 0 0 0 0 0 0 0 0 0 0 0 0 0 0 0 0 0 0 0 0 0 0 0 0 0
0 0 0 0 0 0 0 0 0 0 0 0 0 0 0 0 0 0 0 0 0 0 0 0 0 0 0 0 0 0 0 0 0 0
0 0 0 0 0 0 0 0 0 0 0 0 0 0 0 0 0 0 0 0 0 0 0 0 0 0 0 0 0 0 0 0 0 0
0 0 0 0 0 0 0 0 0 0 0 0 0 0 0 0 0 0 0 0 0 0 0 0 0 0 0 0 0 0 0 0 0 0
0 0 0 0 0 0 0 0 0 0 0 0 0 0 0 0 0 0 0 0 0 0 0 0 0 0 0 0 0 0 0 0 0 0
0 0 0 0 0 0 0 0 0 0 0 0 0 0 0 0 0 0 0 0 0 0 0 0 0 0 0 0 0 0 0 0 0 0
0 0 0 0 0 0 0 0 0 0 0 0 0 0 0 0 0 0 0 0 0 0 0 0 0 0 0 0 0 0 0 0 0 0
0 0 0 0 0 0 0 0 0 0 0 0 0 0 0 0 0 0 0 0 0 0 0 0 0 0 0 0 0 0 0 0 0 0
0 0 0 0 0 0 0 0 0 0 0 0 0 0 0 0 0 0 0 0 0 0 0 0 0 0 0 0 0 0 0 0 0 0
0 0 0 0 0 0 0 0 0 0 0 0 0 0 0 0 0 0 0 0 0 0 0 0 0 0 0 0 0 0 0 0 0 0
0 0 0 0 0 0 0 0 0 0 0 0 0 0 0 0 0 0 0 0 0 0 0 0 0 0 0 0 0 0 0 0 0 0
0 0 0 0 0 0 0 0 0 0 0 0 0 0 0 0 0 0 0 0 0 0 0 0 0 0 0 0 0 0 0 0 0 0
