death Matrix:
         0          0          0          0          0          0          0          0          0          0          0          0          0          0          0          0          0          0          0          0          0          0          0          0          0          0          0          0          0          0          0          0          0  0.0784063
         0          0          0          0          0          0          0          0          0          0          0          0          0          0          0          0          0          0          0          0          0          0          0          0          0          0          0          0          0          0          0          0     0.0019     0.0002
         0          0          0          0          0          0          0          0          0          0          0          0          0          0          0          0          0          0          0          0          0          0          0          0          0          0          0          0          0          0          0   0.012589     0.0002     0.0002
         0          0          0          0          0          0          0          0          0          0          0          0          0          0          0          0          0          0          0          0          0          0          0          0          0          0          0          0          0          0     0.0021     0.0001     0.0002     0.0002
         0          0          0          0          0          0          0          0          0          0          0          0          0          0          0          0          0          0          0          0          0          0          0          0          0          0          0          0          0 0.00683235     0.0001     0.0001     0.0002     0.0002
         0          0          0          0          0          0          0          0          0          0          0          0          0          0          0          0          0          0          0          0          0          0          0          0          0          0          0          0     0.0023     0.0001     0.0001     0.0001     0.0002     0.0001
         0          0          0          0          0          0          0          0          0          0          0          0          0          0          0          0          0          0          0          0          0          0          0          0          0          0          0      0.002     0.0001     0.0001     0.0001     0.0001     0.0001     0.0001
         0          0          0          0          0          0          0          0          0          0          0          0          0          0          0          0          0          0          0          0          0          0          0          0          0          0     0.0023     0.0001     0.0001     0.0001     0.0001 0.00796838     0.0001     0.0001
         0          0          0          0          0          0          0          0          0          0          0          0          0          0          0          0          0          0          0          0          0          0          0          0          0     0.0022     0.0002     0.0001     0.0001     0.0001     0.0001    0.01013     0.0001     0.0001
         0          0          0          0          0          0          0          0          0          0          0          0          0          0          0          0          0          0          0          0          0          0          0          0  0.0586174     0.0002     0.0002     0.0001     0.0001     0.0001     0.0001 0.00989237     0.0001     0.0001
         0          0          0          0          0          0          0          0          0          0          0          0          0          0          0          0          0          0          0          0          0          0          0     0.0018     0.0001     0.0002     0.0002     0.0001     0.0001     0.0001     0.0001  0.0132034     0.0001     0.0002
         0          0          0          0          0          0          0          0          0          0          0          0          0          0          0          0          0          0          0          0          0          0    0.03365     0.0001     0.0001     0.0002     0.0002     0.0001     0.0001     0.0001     0.0001  0.0158133     0.0002     0.0002
         0          0          0          0          0          0          0          0          0          0          0          0          0          0          0          0          0          0          0          0          0   0.034904     0.0002     0.0001     0.0001     0.0002     0.0001     0.0001     0.0001     0.0001     0.0001  0.0137422     0.0002     0.0002
         0          0          0          0          0          0          0          0          0          0          0          0          0          0          0          0          0          0          0          0     0.0019     0.0002     0.0002     0.0001     0.0001     0.0001     0.0001     0.0001     0.0001     0.0001     0.0001  0.0151656     0.0002     0.0002
         0          0          0          0          0          0          0          0          0          0          0          0          0          0          0          0          0          0          0     0.0026     0.0002     0.0002     0.0002     0.0001     0.0001     0.0001     0.0001     0.0001     0.0001     0.0001     0.0001  0.0177649     0.0002     0.0002
         0          0          0          0          0          0          0          0          0          0          0          0          0          0          0          0          0          0     0.0026     0.0002     0.0002     0.0002     0.0002     0.0001     0.0001     0.0001     0.0001     0.0001     0.0001     0.0001     0.0001   0.017169     0.0002     0.0003
         0          0          0          0          0          0          0          0          0          0          0          0          0          0          0          0          0     0.0026     0.0001     0.0002     0.0002     0.0002     0.0001     0.0001     0.0001     0.0001     0.0001     0.0001     0.0001     0.0001     0.0001  0.0127483     0.0002     0.0003
         0          0          0          0          0          0          0          0          0          0          0          0          0          0          0          0     0.0028     0.0001     0.0001     0.0002     0.0002     0.0001     0.0001     0.0001     0.0001     0.0001     0.0002     0.0001     0.0001     0.0001     0.0001  0.0161458     0.0002     0.0003
         0          0          0          0          0          0          0          0          0          0          0          0          0          0          0     0.0024     0.0001     0.0001     0.0001     0.0002     0.0001     0.0001     0.0001     0.0001     0.0001     0.0001     0.0002     0.0001     0.0001     0.0001     0.0002  0.0174957     0.0002     0.0003
         0          0          0          0          0          0          0          0          0          0          0          0          0          0     0.0022     0.0002     0.0001     0.0001     0.0001     0.0001     0.0001     0.0001     0.0001     0.0001     0.0001     0.0001     0.0002     0.0001     0.0001     0.0002 0.00246211  0.0136324     0.0002     0.0003
         0          0          0          0          0          0          0          0          0          0          0          0          0     0.0028     0.0002     0.0002     0.0001     0.0001     0.0001     0.0001     0.0001     0.0001     0.0001     0.0001     0.0001     0.0001     0.0002     0.0001     0.0003     0.0002     0.0002     0.0003     0.0002     0.0004
         0          0          0          0          0          0          0          0          0          0          0          0     0.0034     0.0002     0.0002     0.0002     0.0001     0.0001     0.0001     0.0001     0.0001     0.0001     0.0002     0.0001     0.0001     0.0001     0.0002     0.0003     0.0003     0.0002     0.0002     0.0003     0.0004     0.0004
         0          0          0          0          0          0          0          0          0          0          0     0.0024     0.0002     0.0002     0.0002     0.0002     0.0001     0.0001     0.0001     0.0001     0.0001     0.0001     0.0002     0.0001     0.0001     0.0001     0.0003     0.0003     0.0003     0.0002     0.0002     0.0003     0.0004     0.0004
         0          0          0          0          0          0          0          0          0          0  0.0598611     0.0003     0.0002 0.00441131     0.0002     0.0001     0.0001     0.0001     0.0001     0.0001     0.0001  0.0019574     0.0002     0.0001     0.0001     0.0002     0.0003     0.0003     0.0003     0.0002     0.0003 0.00337638     0.0004     0.0004
         0          0          0          0          0          0          0          0          0     0.0032     0.0003     0.0003     0.0002 0.00663526     0.0001     0.0001     0.0001     0.0001     0.0001     0.0002     0.0001     0.0001     0.0002     0.0001     0.0003     0.0002     0.0003     0.0003     0.0003     0.0004     0.0003 0.00976175     0.0004     0.0004
         0          0          0          0          0          0          0          0     0.0041     0.0002     0.0003     0.0003     0.0002  0.0169742     0.0001     0.0001     0.0001     0.0001     0.0001     0.0002     0.0001     0.0001     0.0002     0.0003     0.0003     0.0002     0.0003     0.0003     0.0004     0.0004     0.0003 0.00988063     0.0004     0.0005
         0          0          0          0          0          0          0      0.004     0.0003     0.0002     0.0003     0.0003     0.0001  0.0061778     0.0001     0.0001     0.0001     0.0001     0.0001     0.0002     0.0001     0.0001     0.0002     0.0003     0.0003     0.0002     0.0003     0.0003     0.0004     0.0004     0.0003 0.00534239     0.0005     0.0005
         0          0          0          0          0          0     0.0035     0.0003     0.0003     0.0002     0.0003     0.0001     0.0001 0.00146436     0.0001     0.0001     0.0002     0.0001     0.0001     0.0002     0.0001     0.0002     0.0002 0.00170283     0.0003     0.0002     0.0003 0.00154143     0.0004     0.0004     0.0003     0.0004     0.0005     0.0005
         0          0          0          0          0     0.0043     0.0004     0.0003     0.0003     0.0002     0.0001     0.0001     0.0001 0.00710504     0.0001     0.0001     0.0002     0.0001     0.0001     0.0002     0.0002 0.00152163     0.0002     0.0003     0.0003     0.0003     0.0003 0.00231934     0.0004     0.0004     0.0003     0.0004     0.0005     0.0005
         0          0          0          0     0.0043     0.0004     0.0004     0.0003     0.0003     0.0001     0.0001     0.0001     0.0001 0.00786952     0.0001     0.0001     0.0002     0.0001     0.0001     0.0003     0.0002 0.00235381     0.0002     0.0003     0.0004     0.0003 0.00204437     0.0003     0.0004     0.0003     0.0003     0.0004     0.0005     0.0005
         0          0          0      0.005     0.0004     0.0004     0.0004     0.0003     0.0001     0.0001     0.0001     0.0001     0.0001 0.00550786     0.0001     0.0001     0.0002     0.0001     0.0003     0.0003     0.0002 0.00193657     0.0002     0.0004 0.00166703     0.0003     0.0003     0.0003     0.0003     0.0003     0.0003     0.0004     0.0005     0.0005
         0          0     0.0052     0.0003     0.0004     0.0004     0.0004     0.0002     0.0001     0.0001     0.0001     0.0001     0.0001 0.00654712     0.0001     0.0001     0.0002     0.0002     0.0003     0.0003 0.00237486     0.0002     0.0005     0.0004 0.00215103     0.0003     0.0003     0.0003     0.0003     0.0003     0.0003     0.0004     0.0005     0.0005
         0     0.0058     0.0003     0.0003     0.0004     0.0004     0.0002     0.0002     0.0001     0.0001     0.0001     0.0001     0.0001 0.00835426     0.0001     0.0001     0.0002 0.00215937     0.0003     0.0003     0.0002     0.0005     0.0005     0.0004     0.0004     0.0003     0.0004     0.0003     0.0003     0.0003     0.0003     0.0004     0.0005     0.0005
    0.0071     0.0003     0.0003     0.0003     0.0004     0.0002     0.0002     0.0002     0.0001     0.0001     0.0003     0.0001     0.0001 0.00479594     0.0001     0.0003     0.0002     0.0002     0.0003     0.0003     0.0004     0.0005     0.0005     0.0004     0.0004     0.0004     0.0004     0.0003     0.0003     0.0003     0.0004     0.0004     0.0005     0.0005
    0.0004     0.0003     0.0003     0.0003     0.0002     0.0002     0.0002     0.0002     0.0001     0.0002     0.0003     0.0001     0.0001 0.00230475     0.0003 0.00196757 0.00157639     0.0002     0.0003     0.0005     0.0004     0.0005     0.0005     0.0004     0.0003     0.0004     0.0004     0.0003     0.0003     0.0004     0.0004  0.0025575     0.0005     0.0005
    0.0004     0.0003     0.0003     0.0001     0.0002     0.0002     0.0002     0.0002     0.0002     0.0002     0.0003     0.0001     0.0001 0.00316149 0.00374904 0.00236692     0.0002     0.0002     0.0004     0.0005     0.0004     0.0005     0.0005     0.0003     0.0003     0.0004     0.0004     0.0003     0.0005     0.0004     0.0004 0.00495809     0.0005     0.0006
    0.0004     0.0003     0.0003     0.0001     0.0002     0.0002     0.0002     0.0002     0.0002     0.0002     0.0003     0.0001     0.0003 0.00640191  0.0042604 0.00235804     0.0002     0.0006     0.0004     0.0005     0.0004     0.0005     0.0004     0.0003     0.0003     0.0004     0.0004     0.0005     0.0005     0.0004     0.0004 0.00659645     0.0006     0.0006
    0.0004     0.0002     0.0003     0.0001     0.0002     0.0002     0.0003     0.0002     0.0002     0.0002     0.0003     0.0004     0.0003 0.00727436 0.00410677     0.0003     0.0005     0.0006     0.0004     0.0005     0.0004     0.0004     0.0004     0.0003     0.0003     0.0004     0.0004     0.0005     0.0005     0.0004     0.0004 0.00775341     0.0006     0.0006
    0.0002     0.0002     0.0003     0.0001     0.0002     0.0003     0.0003     0.0002     0.0002     0.0002     0.0003  0.0028195 0.00328712  0.0104931     0.0003     0.0006     0.0005     0.0006     0.0004     0.0005     0.0004     0.0004     0.0004     0.0003     0.0003     0.0005     0.0004     0.0005     0.0005     0.0004     0.0006 0.00462291     0.0006     0.0006
    0.0002     0.0002     0.0003     0.0001     0.0003     0.0003     0.0003     0.0002     0.0002     0.0004     0.0003     0.0004 0.00447633 0.00596193 0.00726881     0.0006     0.0005     0.0006     0.0004     0.0005     0.0004     0.0004     0.0004     0.0003     0.0005     0.0005     0.0004     0.0005     0.0005     0.0006     0.0006 0.00694552     0.0006     0.0006
    0.0002     0.0002     0.0003     0.0003     0.0003     0.0003     0.0003     0.0002     0.0004     0.0004 0.00402587 0.00518498 0.00245889   0.019047     0.0007     0.0006     0.0005     0.0006     0.0005     0.0005     0.0004     0.0004     0.0004     0.0006     0.0005     0.0005     0.0004     0.0005     0.0006     0.0006     0.0006 0.00869581     0.0006      0.001
    0.0002     0.0002     0.0004     0.0003     0.0003     0.0003     0.0003     0.0004     0.0004     0.0004 0.00324136 0.00249089     0.0006   0.026643     0.0007     0.0006     0.0005     0.0007     0.0005     0.0005     0.0004     0.0004     0.0004     0.0006     0.0005     0.0005     0.0004     0.0007     0.0006     0.0006     0.0006  0.0102646     0.0011      0.001
    0.0002     0.0002     0.0004     0.0003     0.0003     0.0003     0.0005     0.0004 0.00174953 0.00224388     0.0003     0.0007     0.0006  0.0238482     0.0007     0.0006     0.0005     0.0007     0.0005     0.0005     0.0004     0.0005     0.0004     0.0006     0.0005     0.0005     0.0006     0.0007     0.0006     0.0006     0.0006  0.0116543     0.0011      0.001
    0.0003     0.0002     0.0004     0.0003     0.0003     0.0005     0.0005 0.00176214 0.00319226  0.0018943     0.0007     0.0007     0.0006 0.00745739     0.0007     0.0005     0.0005     0.0007     0.0005     0.0005     0.0004     0.0005     0.0004     0.0006     0.0005     0.0007     0.0006     0.0007     0.0006     0.0006      0.001 0.00457668     0.0011      0.001
    0.0003     0.0002     0.0004     0.0003     0.0005     0.0005 0.00190836   0.002609     0.0004     0.0007     0.0007     0.0007     0.0006     0.0008     0.0004     0.0005     0.0005     0.0007     0.0005     0.0006     0.0004     0.0005     0.0004     0.0006     0.0007     0.0007     0.0006     0.0007     0.0006      0.001      0.001 0.00475244     0.0011      0.001
    0.0003     0.0002     0.0004     0.0005 0.00185747 0.00335011 0.00271023     0.0004     0.0006     0.0007     0.0007     0.0007     0.0006     0.0006     0.0004     0.0005     0.0005     0.0007     0.0005     0.0006     0.0004     0.0005     0.0004     0.0006     0.0007     0.0007     0.0006     0.0007     0.0009      0.001      0.001 0.00746343     0.0011     0.0017
    0.0003     0.0002     0.0005     0.0005 0.00197301 0.00227148     0.0005     0.0008     0.0006     0.0007     0.0007     0.0007     0.0006     0.0006     0.0004     0.0005     0.0005     0.0005     0.0005     0.0006     0.0004     0.0005     0.0006     0.0006     0.0007     0.0007     0.0006     0.0011     0.0009      0.001      0.001 0.00711333     0.0018     0.0017
    0.0003     0.0005     0.0005 0.00252665 0.00296351     0.0005     0.0007     0.0008     0.0006     0.0007     0.0007     0.0007     0.0006     0.0006     0.0004     0.0005     0.0006     0.0005     0.0005     0.0006     0.0004     0.0007     0.0006     0.0006     0.0007     0.0007     0.0011     0.0011     0.0009      0.001      0.001 0.00862261     0.0018     0.0017
    0.0005     0.0005  0.0024347     0.0005     0.0005     0.0007     0.0007     0.0008     0.0006     0.0007     0.0006     0.0007     0.0006     0.0006     0.0004     0.0006     0.0006     0.0005     0.0005     0.0006     0.0008     0.0007     0.0006     0.0006     0.0007     0.0011     0.0011     0.0011     0.0009      0.001     0.0016     0.0019     0.0018     0.0017
    0.0005  0.0017146 0.00365231     0.0005     0.0007     0.0007     0.0007     0.0008     0.0006     0.0006     0.0006     0.0007     0.0006 0.00473125     0.0007     0.0006     0.0006     0.0005     0.0005     0.0008     0.0008     0.0007     0.0006     0.0006     0.0013     0.0011     0.0011     0.0011     0.0009     0.0017     0.0016     0.0019     0.0018     0.0017
    0.0005     0.0005     0.0005     0.0008     0.0007     0.0007     0.0007     0.0008     0.0006     0.0006     0.0006     0.0007     0.0006 0.00981942     0.0007     0.0006     0.0006     0.0005     0.0009     0.0008     0.0008     0.0007     0.0006     0.0012     0.0013     0.0011     0.0011     0.0011     0.0018     0.0017     0.0016     0.0019     0.0018     0.0028
    0.0005     0.0005     0.0008     0.0008     0.0007     0.0007     0.0007     0.0006     0.0006     0.0006     0.0006     0.0007     0.0006  0.0122869     0.0007     0.0006     0.0006     0.0009     0.0009     0.0008     0.0008     0.0007     0.0012     0.0012     0.0013     0.0011     0.0011     0.0017     0.0018     0.0017     0.0016     0.0019      0.003     0.0028
    0.0005     0.0007     0.0008     0.0008     0.0007     0.0007     0.0007     0.0006     0.0006     0.0006     0.0006     0.0007     0.0006  0.0117657     0.0007     0.0006     0.0009     0.0009     0.0009     0.0008     0.0008      0.001     0.0012     0.0012     0.0013     0.0011     0.0017     0.0017     0.0018     0.0017     0.0016     0.0029      0.003     0.0028
    0.0008     0.0007     0.0008     0.0008     0.0007     0.0006     0.0007     0.0006     0.0006     0.0006     0.0008     0.0007     0.0006  0.0145551     0.0007      0.001     0.0009     0.0009     0.0009     0.0008     0.0013      0.001     0.0012     0.0012     0.0013     0.0019     0.0017     0.0017     0.0018     0.0017     0.0028     0.0029      0.003     0.0028
    0.0008     0.0007     0.0008     0.0008     0.0007     0.0006     0.0007     0.0006     0.0006     0.0007     0.0008     0.0007     0.0006  0.0125755     0.0009      0.001     0.0009     0.0009     0.0009     0.0012     0.0013      0.001     0.0012     0.0012     0.0017     0.0019     0.0017     0.0017     0.0018     0.0026     0.0028     0.0029      0.003     0.0028
    0.0008     0.0007     0.0008     0.0006     0.0007     0.0006     0.0007     0.0006     0.0008     0.0007     0.0008     0.0007     0.0006  0.0138464     0.0009      0.001     0.0009     0.0009     0.0014     0.0012     0.0013      0.001     0.0012      0.002     0.0017     0.0019     0.0017     0.0017     0.0028     0.0026     0.0028     0.0029      0.003     0.0049
    0.0008     0.0007     0.0008     0.0006     0.0007     0.0006     0.0007     0.0008     0.0008     0.0007     0.0008     0.0007     0.0011  0.0159362     0.0009      0.001     0.0009     0.0015     0.0014     0.0012     0.0013      0.001     0.0019      0.002     0.0017     0.0019     0.0017     0.0031     0.0028     0.0026     0.0028     0.0029     0.0046     0.0049
    0.0008     0.0008     0.0008     0.0006     0.0007     0.0006     0.0008     0.0008     0.0008     0.0007     0.0008      0.001     0.0011   0.014405     0.0009      0.001     0.0016     0.0015     0.0014     0.0012     0.0013     0.0022     0.0019      0.002     0.0017     0.0019     0.0031     0.0031     0.0028     0.0026     0.0028     0.0051     0.0046     0.0049
    0.0008     0.0008     0.0008     0.0006     0.0007     0.0008     0.0008     0.0008     0.0008     0.0007     0.0013      0.001     0.0011  0.0148649     0.0009     0.0015     0.0016     0.0015     0.0014     0.0012     0.0022     0.0022     0.0019      0.002     0.0017     0.0031     0.0031     0.0031     0.0028     0.0026     0.0047     0.0051     0.0046     0.0049
    0.0008     0.0008     0.0008     0.0006     0.0008     0.0008     0.0008     0.0008     0.0008      0.001     0.0013      0.001     0.0011  0.0151846     0.0016     0.0015     0.0016     0.0015     0.0014      0.002     0.0022     0.0022     0.0019      0.002      0.003     0.0031     0.0031     0.0031     0.0028     0.0045     0.0047     0.0051     0.0046     0.0049
    0.0008     0.0008     0.0008     0.0007     0.0008     0.0008     0.0008     0.0008     0.0011      0.001     0.0013      0.001     0.0011   0.017496     0.0016     0.0015     0.0016     0.0015     0.0024      0.002     0.0022     0.0022     0.0019     0.0034      0.003     0.0031     0.0031     0.0031      0.005     0.0045     0.0047     0.0051     0.0046     0.0081
    0.0008     0.0008     0.0009     0.0007     0.0008     0.0008     0.0008      0.001     0.0011      0.001     0.0013      0.001     0.0016  0.0153092     0.0016     0.0015     0.0016     0.0023     0.0024      0.002     0.0022     0.0022     0.0031     0.0034      0.003     0.0031     0.0031     0.0048      0.005     0.0045     0.0047     0.0051     0.0081     0.0081
    0.0008     0.0009     0.0009     0.0007     0.0008     0.0008     0.0012      0.001     0.0011      0.001     0.0013     0.0016     0.0016   0.015101     0.0016     0.0015     0.0023     0.0023     0.0024      0.002     0.0022     0.0036     0.0031     0.0034      0.003     0.0031     0.0053     0.0048      0.005     0.0045     0.0047     0.0086     0.0081     0.0081
    0.0009     0.0009     0.0009     0.0007     0.0008     0.0013     0.0012      0.001     0.0011      0.001     0.0018     0.0016     0.0016  0.0138754     0.0016     0.0024     0.0023     0.0023     0.0024      0.002     0.0039     0.0036     0.0031     0.0034      0.003     0.0054     0.0053     0.0048      0.005     0.0045     0.0079     0.0086     0.0081     0.0081
    0.0009     0.0009     0.0009     0.0007     0.0013     0.0013     0.0012      0.001     0.0011     0.0017     0.0018     0.0016     0.0016 0.00817183     0.0024     0.0024     0.0023     0.0023     0.0024     0.0039     0.0039     0.0036     0.0031     0.0034     0.0058     0.0054     0.0053     0.0048      0.005     0.0077     0.0079     0.0086     0.0081     0.0081
    0.0009     0.0009     0.0009      0.001     0.0013     0.0013     0.0012      0.001     0.0017     0.0017     0.0018     0.0016     0.0016  0.0102733     0.0024     0.0024     0.0023     0.0023      0.004     0.0039     0.0039     0.0036     0.0031     0.0057     0.0058     0.0054     0.0053     0.0048     0.0082     0.0077     0.0079     0.0086     0.0081     0.0135
    0.0009     0.0009     0.0012      0.001     0.0013     0.0013     0.0012     0.0019     0.0017     0.0017     0.0018     0.0016     0.0027  0.0119353     0.0024     0.0024     0.0023     0.0041      0.004     0.0039     0.0039     0.0036     0.0058     0.0057     0.0058     0.0054     0.0053     0.0082     0.0082     0.0077     0.0079     0.0086     0.0132     0.0135
    0.0009     0.0012     0.0012      0.001     0.0013     0.0013      0.002     0.0019     0.0017     0.0017     0.0018     0.0025     0.0027 0.00777463     0.0024     0.0024      0.004     0.0041      0.004     0.0039     0.0039     0.0059     0.0058     0.0057     0.0058     0.0054     0.0082     0.0082     0.0082     0.0077     0.0079     0.0126     0.0132     0.0135
    0.0014     0.0012     0.0012      0.001     0.0013     0.0018      0.002     0.0019     0.0017     0.0017     0.0027     0.0025     0.0027 0.00828438     0.0024     0.0044      0.004     0.0041      0.004     0.0039     0.0057     0.0059     0.0058     0.0057     0.0058     0.0085     0.0082     0.0082     0.0082     0.0077      0.012     0.0126     0.0132     0.0135
    0.0014     0.0012     0.0012      0.001      0.002     0.0018      0.002     0.0019     0.0017     0.0025     0.0027     0.0025     0.0027  0.0047837     0.0042     0.0044      0.004     0.0041      0.004      0.006     0.0057     0.0059     0.0058     0.0057     0.0084     0.0085     0.0082     0.0082     0.0082     0.0119      0.012     0.0126     0.0132     0.0135
    0.0014     0.0012     0.0012      0.002      0.002     0.0018      0.002     0.0019     0.0028     0.0025     0.0027     0.0025     0.0027  0.0222914     0.0042     0.0044      0.004     0.0041     0.0066      0.006     0.0057     0.0059     0.0058     0.0088     0.0084     0.0085     0.0082     0.0082     0.0125     0.0119      0.012     0.0126     0.0132     0.0203
    0.0014     0.0012     0.0021      0.002      0.002     0.0018      0.002     0.0026     0.0028     0.0025     0.0027     0.0025     0.0043  0.0228785     0.0042     0.0044      0.004     0.0065     0.0066      0.006     0.0057     0.0059     0.0097     0.0088     0.0084     0.0085     0.0082     0.0129     0.0125     0.0119      0.012     0.0126     0.0216     0.0203
    0.0014     0.0019     0.0021      0.002      0.002     0.0018     0.0031     0.0026     0.0028     0.0025     0.0027     0.0047     0.0043  0.0206676     0.0042     0.0044     0.0066     0.0065     0.0066      0.006     0.0057     0.0089     0.0097     0.0088     0.0084     0.0085     0.0133     0.0129     0.0125     0.0119      0.012     0.0214     0.0216     0.0203
    0.0021     0.0019     0.0021      0.002      0.002     0.0036     0.0031     0.0026     0.0028     0.0025     0.0042     0.0047     0.0043  0.0186974     0.0042     0.0075     0.0066     0.0065     0.0066      0.006     0.0094     0.0089     0.0097     0.0088     0.0084     0.0139     0.0133     0.0129     0.0125     0.0119     0.0205     0.0214     0.0216     0.0203
    0.0021     0.0019     0.0021      0.002     0.0032     0.0036     0.0031     0.0026     0.0028     0.0047     0.0042     0.0047     0.0043 0.00551384     0.0072     0.0075     0.0066     0.0065     0.0066     0.0099     0.0094     0.0089     0.0097     0.0088     0.0138     0.0139     0.0133     0.0129     0.0125     0.0202     0.0205     0.0214     0.0216     0.0203
    0.0021     0.0019     0.0021     0.0034     0.0032     0.0036     0.0031     0.0026     0.0049     0.0047     0.0042     0.0047     0.0043  0.0122256     0.0072     0.0075     0.0066     0.0065     0.0106     0.0099     0.0094     0.0089     0.0097     0.0145     0.0138     0.0139     0.0133     0.0129     0.0224     0.0202     0.0205     0.0214     0.0216     0.0356
    0.0021     0.0019     0.0037     0.0034     0.0032     0.0036     0.0031     0.0053     0.0049     0.0047     0.0042     0.0047     0.0084  0.0113075     0.0072     0.0075     0.0066     0.0112     0.0106     0.0099     0.0094     0.0089     0.0152     0.0145     0.0138     0.0139     0.0133     0.0229     0.0224     0.0202     0.0205     0.0214     0.0369     0.0356
    0.0021     0.0034     0.0037     0.0034     0.0032     0.0036     0.0059     0.0053     0.0049     0.0047     0.0042     0.0082     0.0084  0.0168879     0.0072     0.0075     0.0116     0.0112     0.0106     0.0099     0.0094     0.0164     0.0152     0.0145     0.0138     0.0139     0.0225     0.0229     0.0224     0.0202     0.0205      0.036     0.0369     0.0356
     0.004     0.0034     0.0037     0.0034     0.0032     0.0058     0.0059     0.0053     0.0049     0.0047     0.0079     0.0082     0.0084  0.0120088     0.0072     0.0117     0.0116     0.0112     0.0106     0.0099     0.0166     0.0164     0.0152     0.0145     0.0138     0.0239     0.0225     0.0229     0.0224     0.0202     0.0355      0.036     0.0369     0.0356
     0.004     0.0034     0.0037     0.0034      0.006     0.0058     0.0059     0.0053     0.0049     0.0083     0.0079     0.0082     0.0084     0.0076     0.0123     0.0117     0.0116     0.0112     0.0106     0.0163     0.0166     0.0164     0.0152     0.0145     0.0244     0.0239     0.0225     0.0229     0.0224     0.0353     0.0355      0.036     0.0369     0.0356
     0.004     0.0034     0.0037     0.0061      0.006     0.0058     0.0059     0.0053     0.0091     0.0083     0.0079     0.0082     0.0084     0.0133     0.0123     0.0117     0.0116     0.0112     0.0183     0.0163     0.0166     0.0164     0.0152      0.026     0.0244     0.0239     0.0225     0.0229     0.0359     0.0353     0.0355      0.036     0.0369     0.0667
     0.004     0.0034     0.0061     0.0061      0.006     0.0058     0.0059     0.0092     0.0091     0.0083     0.0079     0.0082     0.0131     0.0133     0.0123     0.0117     0.0116     0.0191     0.0183     0.0163     0.0166     0.0164     0.0265      0.026     0.0244     0.0239     0.0225     0.0374     0.0359     0.0353     0.0355      0.036     0.0692     0.0667
     0.004     0.0067     0.0061     0.0061      0.006     0.0058     0.0097     0.0092     0.0091     0.0083     0.0079     0.0133     0.0131     0.0133     0.0123     0.0117     0.0183     0.0191     0.0183     0.0163     0.0166      0.026     0.0265      0.026     0.0244     0.0239     0.0384     0.0374     0.0359     0.0353     0.0355     0.0637     0.0692     0.0667
    0.0068     0.0067     0.0061     0.0061      0.006     0.0107     0.0097     0.0092     0.0091     0.0083     0.0144     0.0133     0.0131     0.0133     0.0123     0.0217     0.0183     0.0191     0.0183     0.0163     0.0271      0.026     0.0265      0.026     0.0244      0.041     0.0384     0.0374     0.0359     0.0353      0.064     0.0637     0.0692     0.0667
    0.0068     0.0067     0.0061     0.0061     0.0105     0.0107     0.0097     0.0092     0.0091      0.016     0.0144     0.0133     0.0131     0.0133     0.0212     0.0217     0.0183     0.0191     0.0183     0.0286     0.0271      0.026     0.0265      0.026      0.041      0.041     0.0384     0.0374     0.0359     0.0635      0.064     0.0637     0.0692     0.0667
    0.0068     0.0067     0.0061     0.0105     0.0105     0.0107     0.0097     0.0092     0.0162      0.016     0.0144     0.0133     0.0131      0.023     0.0212     0.0217     0.0183     0.0191     0.0303     0.0286     0.0271      0.026     0.0265     0.0433      0.041      0.041     0.0384     0.0374     0.0628     0.0635      0.064     0.0637     0.0692     0.1371
    0.0068     0.0067     0.0109     0.0105     0.0105     0.0107     0.0097     0.0167     0.0162      0.016     0.0144     0.0133     0.0226      0.023     0.0212     0.0217     0.0183     0.0322     0.0303     0.0286     0.0271      0.026     0.0423     0.0433      0.041      0.041     0.0384     0.0655     0.0628     0.0635      0.064     0.0637     0.1528     0.1371
    0.0068     0.0125     0.0109     0.0105     0.0105     0.0107     0.0179     0.0167     0.0162      0.016     0.0144     0.0235     0.0226      0.023     0.0212     0.0217     0.0307     0.0322     0.0303     0.0286     0.0271     0.0472     0.0423     0.0433      0.041      0.041     0.0666     0.0655     0.0628     0.0635      0.064    0.14363     0.1528     0.1371
     0.012     0.0125     0.0109     0.0105     0.0105      0.018     0.0179     0.0167     0.0162      0.016     0.0245     0.0235     0.0226      0.023     0.0212      0.032     0.0307     0.0322     0.0303     0.0286     0.0452     0.0472     0.0423     0.0433      0.041     0.0637     0.0666     0.0655     0.0628     0.0635     0.1233    0.14363     0.1528     0.1371
     0.012     0.0125     0.0109     0.0105     0.0179      0.018     0.0179     0.0167     0.0162     0.0251     0.0245     0.0235     0.0226      0.023     0.0348      0.032     0.0307     0.0322     0.0303     0.0469     0.0452     0.0472     0.0423     0.0433     0.0706     0.0637     0.0666     0.0655     0.0628     0.1222     0.1233    0.14363     0.1528     0.1371
     0.012     0.0125     0.0109     0.0184     0.0179      0.018     0.0179     0.0167     0.0274     0.0251     0.0245     0.0235     0.0226     0.0373     0.0348      0.032     0.0307     0.0322     0.0488     0.0469     0.0452     0.0472     0.0423     0.0682     0.0706     0.0637     0.0666     0.0655     0.1234     0.1222     0.1233    0.14363     0.1528     0.1371
     0.012     0.0125     0.0203     0.0184     0.0179      0.018     0.0179      0.027     0.0274     0.0251     0.0245     0.0235      0.034     0.0373     0.0348      0.032     0.0307     0.0521     0.0488     0.0469     0.0452     0.0472     0.0699     0.0682     0.0706     0.0637     0.0666     0.1289     0.1234     0.1222     0.1233    0.14363     0.1528     0.1371
     0.012     0.0206     0.0203     0.0184     0.0179      0.018     0.0281      0.027     0.0274     0.0251     0.0245     0.0363      0.034     0.0373     0.0348      0.032     0.0532     0.0521     0.0488     0.0469     0.0452     0.0713     0.0699     0.0682     0.0706     0.0637     0.1242     0.1289     0.1234     0.1222     0.1233    0.14363     0.1528     0.1371
    0.0208     0.0206     0.0203     0.0184     0.0179     0.0296     0.0281      0.027     0.0274     0.0251     0.0364     0.0363      0.034     0.0373     0.0348     0.0513     0.0532     0.0521     0.0488     0.0469     0.0764     0.0713     0.0699     0.0682     0.0706     0.1248     0.1242     0.1289     0.1234     0.1222     0.1233    0.14363     0.1528     0.1371
    0.0208     0.0206     0.0203     0.0184     0.0307     0.0296     0.0281      0.027     0.0274     0.0378     0.0364     0.0363      0.034     0.0373     0.0573     0.0513     0.0532     0.0521     0.0488     0.0734     0.0764     0.0713     0.0699     0.0682     0.1285     0.1248     0.1242     0.1289     0.1234     0.1222     0.1233    0.14363     0.1528     0.1371
    0.0208     0.0206  0.0241973     0.0292     0.0307     0.0296     0.0281      0.027     0.0418     0.0378     0.0364     0.0363      0.034     0.0655     0.0573     0.0513     0.0532     0.0521     0.0795     0.0734     0.0764     0.0713     0.0699      0.131     0.1285     0.1248     0.1242     0.1289     0.1234     0.1222     0.1233    0.14363     0.1528     0.1371
    0.0208     0.0206      0.031     0.0292     0.0307     0.0296     0.0281     0.0409     0.0418     0.0378     0.0364     0.0363     0.0537     0.0655     0.0573     0.0513     0.0532     0.0867     0.0795     0.0734     0.0764     0.0713     0.1323      0.131     0.1285     0.1248     0.1242     0.1289     0.1234     0.1222     0.1233    0.14363     0.1528     0.1371
    0.0208     0.0302      0.031     0.0292     0.0307     0.0296     0.0431     0.0409     0.0418     0.0378     0.0364     0.0546     0.0537  0.0897113     0.0573     0.0513     0.0845     0.0867     0.0795     0.0734     0.0764     0.1308     0.1323      0.131     0.1285     0.1248     0.1242     0.1289     0.1234     0.1222     0.1233    0.14363     0.1528     0.1371
    0.0301     0.0302      0.031     0.0292     0.0307     0.0466     0.0431     0.0409     0.0418     0.0378     0.0616     0.0546     0.0537  0.0893693     0.0573     0.0875     0.0845     0.0867     0.0795     0.0734       0.14     0.1308     0.1323      0.131     0.1285     0.1248     0.1242     0.1289     0.1234     0.1222     0.1233    0.14363     0.1528     0.1371
    0.0301     0.0302      0.031     0.0292     0.0454     0.0466     0.0431     0.0409     0.0418     0.0642     0.0616     0.0546     0.0537     0.0655     0.0879     0.0875     0.0845     0.0867     0.0795     0.1356       0.14     0.1308     0.1323      0.131     0.1285     0.1248     0.1242     0.1289     0.1234     0.1222     0.1233    0.14363     0.1528     0.1371
    0.0301     0.0302  0.0395061     0.0449     0.0454     0.0466     0.0431     0.0409     0.0649     0.0642     0.0616     0.0546     0.0537     0.0896     0.0879     0.0875     0.0845     0.0867     0.1358     0.1356       0.14     0.1308     0.1323      0.131     0.1285     0.1248     0.1242     0.1289     0.1234     0.1222     0.1233    0.14363     0.1528     0.1371
    0.0301  0.0420121     0.0468     0.0449     0.0454     0.0466     0.0431     0.0674     0.0649     0.0642     0.0616     0.0546     0.0903     0.0896     0.0879     0.0875     0.0845     0.1453     0.1358     0.1356       0.14     0.1308     0.1323      0.131     0.1285     0.1248     0.1242     0.1289     0.1234     0.1222     0.1233    0.14363     0.1528     0.1371
    0.0301  0.0617147     0.0468     0.0449     0.0454     0.0466     0.0711     0.0674     0.0649     0.0642     0.0616     0.0902     0.0903     0.0896     0.0879     0.0875     0.1419     0.1453     0.1358     0.1356       0.14     0.1308     0.1323      0.131     0.1285     0.1248     0.1242     0.1289     0.1234     0.1222     0.1233    0.14363     0.1528     0.1371
    0.0469     0.0459     0.0468     0.0449     0.0454     0.0742     0.0711     0.0674     0.0649     0.0642      0.103     0.0902     0.0903     0.0896     0.0879     0.1423     0.1419     0.1453     0.1358     0.1356       0.14     0.1308     0.1323      0.131     0.1285     0.1248     0.1242     0.1289     0.1234     0.1222     0.1233    0.14363     0.1528     0.1371
    0.0469     0.0459  0.0591109     0.0449       0.07     0.0742     0.0711     0.0674     0.0649     0.0962      0.103     0.0902     0.0903     0.0896     0.1465     0.1423     0.1419     0.1453     0.1358     0.1356       0.14     0.1308     0.1323      0.131     0.1285     0.1248     0.1242     0.1289     0.1234     0.1222     0.1233    0.14363     0.1528     0.1371
    0.0469     0.0459   0.062771       0.07       0.07     0.0742     0.0711     0.0674     0.1034     0.0962      0.103     0.0902     0.0903     0.1876     0.1465     0.1423     0.1419     0.1453     0.1358     0.1356       0.14     0.1308     0.1323      0.131     0.1285     0.1248     0.1242     0.1289     0.1234     0.1222     0.1233    0.14363     0.1528     0.1371
    0.0469     0.0459     0.0688       0.07       0.07     0.0742     0.0711     0.0978     0.1034     0.0962      0.103     0.0902     0.1425     0.1876     0.1465     0.1423     0.1419     0.1453     0.1358     0.1356       0.14     0.1308     0.1323      0.131     0.1285     0.1248     0.1242     0.1289     0.1234     0.1222     0.1233    0.14363     0.1528     0.1371
    0.0469  0.0792105     0.0688  0.0817647       0.07     0.0742      0.104     0.0978     0.1034     0.0962      0.103     0.1435     0.1425     0.1876     0.1465     0.1423     0.1419     0.1453     0.1358     0.1356       0.14     0.1308     0.1323      0.131     0.1285     0.1248     0.1242     0.1289     0.1234     0.1222     0.1233    0.14363     0.1528     0.1371
    0.0673     0.0676     0.0688       0.07       0.07     0.1052      0.104     0.0978     0.1034     0.0962   0.170761     0.1435     0.1425     0.1876     0.1465     0.1423     0.1419     0.1453     0.1358     0.1356       0.14     0.1308     0.1323      0.131     0.1285     0.1248     0.1242     0.1289     0.1234     0.1222     0.1233    0.14363     0.1528     0.1371
    0.0673  0.0770869  0.0809382       0.07     0.1006     0.1052      0.104     0.0978     0.1034   0.179799   0.170761     0.1435     0.1425     0.1876     0.1465     0.1423     0.1419     0.1453     0.1358     0.1356       0.14     0.1308     0.1323      0.131     0.1285     0.1248     0.1242     0.1289     0.1234     0.1222     0.1233    0.14363     0.1528     0.1371
    0.0673     0.0676  0.0881717     0.0899     0.1006     0.1052      0.104     0.0978   0.162683   0.179799   0.170761     0.1435     0.1425     0.1876     0.1465     0.1423     0.1419     0.1453     0.1358     0.1356       0.14     0.1308     0.1323      0.131     0.1285     0.1248     0.1242     0.1289     0.1234     0.1222     0.1233    0.14363     0.1528     0.1371
    0.0673  0.0875203     0.0976     0.0899   0.114925     0.1052      0.104   0.154574   0.162683   0.179799   0.170761     0.1435     0.1425     0.1876     0.1465     0.1423     0.1419     0.1453     0.1358     0.1356       0.14     0.1308     0.1323      0.131     0.1285     0.1248     0.1242     0.1289     0.1234     0.1222     0.1233    0.14363     0.1528     0.1371
    0.0673   0.138375     0.0976     0.0899     0.1006     0.1052    0.14711   0.154574   0.162683   0.179799   0.170761     0.1435     0.1425     0.1876     0.1465     0.1423     0.1419     0.1453     0.1358     0.1356       0.14     0.1308     0.1323      0.131     0.1285     0.1248     0.1242     0.1289     0.1234     0.1222     0.1233    0.14363     0.1528     0.1371
    0.0972     0.1031     0.0976     0.0899     0.1006   0.163691    0.14711   0.154574   0.162683   0.179799   0.170761     0.1435     0.1425     0.1876     0.1465     0.1423     0.1419     0.1453     0.1358     0.1356       0.14     0.1308     0.1323      0.131     0.1285     0.1248     0.1242     0.1289     0.1234     0.1222     0.1233    0.14363     0.1528     0.1371
    0.0972     0.1031   0.121151     0.0899   0.145144   0.163691    0.14711   0.154574   0.162683   0.179799   0.170761     0.1435     0.1425     0.1876     0.1465     0.1423     0.1419     0.1453     0.1358     0.1356       0.14     0.1308     0.1323      0.131     0.1285     0.1248     0.1242     0.1289     0.1234     0.1222     0.1233    0.14363     0.1528     0.1371
    0.0972     0.1031     0.0976     0.1375   0.145144   0.163691    0.14711   0.154574   0.162683   0.179799   0.170761     0.1435     0.1425     0.1876     0.1465     0.1423     0.1419     0.1453     0.1358     0.1356       0.14     0.1308     0.1323      0.131     0.1285     0.1248     0.1242     0.1289     0.1234     0.1222     0.1233    0.14363     0.1528     0.1371
    0.0972     0.1031   0.158759     0.1375   0.145144   0.163691    0.14711   0.154574   0.162683   0.179799   0.170761     0.1435     0.1425     0.1876     0.1465     0.1423     0.1419     0.1453     0.1358     0.1356       0.14     0.1308     0.1323      0.131     0.1285     0.1248     0.1242     0.1289     0.1234     0.1222     0.1233    0.14363     0.1528     0.1371
    0.0972    0.14404   0.158759     0.1375   0.145144   0.163691    0.14711   0.154574   0.162683   0.179799   0.170761     0.1435     0.1425     0.1876     0.1465     0.1423     0.1419     0.1453     0.1358     0.1356       0.14     0.1308     0.1323      0.131     0.1285     0.1248     0.1242     0.1289     0.1234     0.1222     0.1233    0.14363     0.1528     0.1371
    0.1423    0.14404   0.158759     0.1375   0.145144   0.163691    0.14711   0.154574   0.162683   0.179799   0.170761     0.1435     0.1425     0.1876     0.1465     0.1423     0.1419     0.1453     0.1358     0.1356       0.14     0.1308     0.1323      0.131     0.1285     0.1248     0.1242     0.1289     0.1234     0.1222     0.1233    0.14363     0.1528     0.1371
Simulated without Matrix:
42 48 33 43 41 40 38 42 33 25 34 23 23 29 24 17 19 21 21 22 20 21 24 27 28 19 15 22 19 12 17 18 15 21
48 42 48 33 43 41 40 38 42 33 25 36 23 24 29 24 17 19 22 21 23 21 23 26 27 30 20 16 23 21 14 17 18 15
42 48 42 48 33 43 41 40 38 42 33 25 36 23 24 29 24 17 19 22 21 23 21 23 26 27 30 20 16 23 21 14 17 18
34 42 48 42 48 33 43 41 40 38 42 33 25 36 23 24 29 24 17 19 22 21 23 21 23 26 27 30 20 16 23 21 14 17
36 34 42 48 42 48 33 43 41 40 38 42 33 25 36 23 24 29 24 17 19 22 21 23 21 23 26 27 30 20 16 23 21 14
38 36 34 42 48 42 48 33 43 41 40 38 42 33 25 36 23 24 29 24 17 19 22 21 23 21 23 26 27 30 20 16 23 21
36 38 36 34 42 48 42 48 33 43 41 40 38 42 33 25 36 23 24 29 24 17 19 22 21 23 21 23 26 27 30 20 16 23
39 36 38 36 34 42 48 42 48 33 43 41 40 38 42 33 25 36 23 24 29 24 17 19 22 21 23 21 23 26 27 30 20 16
39 39 36 38 36 34 42 48 42 48 33 43 41 40 38 42 33 25 36 23 24 29 24 17 19 22 21 23 21 23 26 25 30 20
40 39 39 36 38 36 34 42 48 42 48 33 43 41 40 38 42 33 25 36 23 23 29 24 17 19 22 21 23 21 23 25 25 30
40 40 39 39 36 38 36 34 42 48 42 48 33 43 41 40 38 42 33 25 36 23 23 29 24 17 19 22 21 23 21 23 25 25
40 40 40 39 39 36 38 36 34 42 48 42 48 33 43 41 40 38 42 33 25 36 22 23 29 24 17 19 22 21 23 21 23 25
38 40 40 40 39 39 36 38 36 34 42 48 42 48 33 43 41 40 38 42 33 25 36 22 23 29 24 17 19 22 21 23 21 23
42 38 40 40 40 39 39 36 38 36 34 42 48 42 48 33 43 41 40 38 42 33 25 36 22 23 29 24 17 19 22 20 23 21
40 42 38 40 40 40 39 39 36 38 36 34 42 48 42 48 33 43 41 40 38 42 33 25 36 22 23 29 24 17 19 21 20 23
41 40 42 38 40 40 40 39 39 36 38 36 34 42 48 42 48 33 43 41 40 38 42 33 25 36 22 23 29 24 17 19 21 20
45 41 40 42 38 40 40 40 39 39 36 38 36 33 41 48 42 48 33 43 41 40 38 42 33 25 36 22 23 29 24 17 19 21
48 44 41 39 42 38 40 40 40 39 38 36 38 35 33 41 48 42 48 33 43 41 40 38 42 33 25 36 22 23 29 24 17 19
46 48 44 41 39 42 38 40 40 40 39 38 36 37 35 33 41 48 42 48 33 43 41 40 38 42 33 25 36 22 23 29 24 17
44 46 48 44 41 39 42 38 40 39 40 39 38 34 37 35 33 41 48 41 48 33 43 41 40 38 42 33 25 36 22 23 29 24
42 44 46 48 44 41 39 42 38 40 39 40 39 36 34 37 35 33 41 48 41 48 33 43 41 40 38 42 33 25 36 21 23 29
42 42 44 46 48 44 41 39 42 38 40 39 40 36 36 34 37 35 33 41 48 41 48 33 43 41 40 38 42 33 25 36 21 23
45 42 42 44 46 48 44 41 39 42 38 40 39 39 36 37 34 37 35 33 41 48 41 48 33 43 41 40 38 42 33 25 36 21
47 45 42 42 44 46 48 44 41 39 42 38 40 39 39 36 37 34 37 35 33 41 48 41 48 33 43 41 40 38 42 33 25 36
51 47 45 42 42 44 46 48 44 41 39 42 38 40 39 39 36 37 34 38 34 33 41 48 41 48 33 43 41 40 38 42 33 25
52 51 47 45 42 42 44 46 48 44 41 39 42 38 40 39 39 36 37 34 38 34 33 41 48 41 48 33 43 41 40 38 42 33
55 52 51 47 45 41 42 44 46 47 44 41 39 42 38 40 39 39 36 37 34 38 34 33 41 48 41 48 33 43 41 40 38 42
55 55 52 51 46 45 40 42 44 46 46 44 41 39 42 38 40 39 39 36 37 34 38 34 33 41 48 41 48 33 42 41 40 38
56 55 55 52 51 46 45 40 42 44 46 46 44 41 39 42 38 40 39 39 36 37 34 38 34 33 41 48 41 48 33 42 41 40
58 56 55 55 52 51 46 45 40 42 44 46 46 44 41 39 42 38 40 39 39 36 37 34 38 34 33 41 48 41 48 33 42 41
59 58 56 55 55 52 51 46 45 40 42 44 46 46 44 41 39 42 38 40 39 39 36 37 33 38 34 33 41 48 41 48 33 42
60 58 58 56 55 55 52 51 45 45 40 42 44 45 46 44 41 39 42 38 40 39 39 36 37 33 38 34 33 41 48 41 48 33
59 60 58 58 56 55 55 52 51 45 45 40 42 44 45 46 43 41 39 42 38 40 39 39 36 37 33 38 34 33 41 48 41 48
60 59 60 58 58 56 55 54 52 51 45 45 40 41 44 45 46 43 41 39 42 38 40 39 39 36 37 33 38 34 33 41 48 41
57 60 59 60 58 58 56 55 54 52 51 45 45 38 41 44 45 46 43 41 39 42 38 40 39 39 36 37 33 38 33 33 41 48
56 57 59 59 60 58 57 56 54 54 52 51 45 45 38 41 44 45 46 42 41 39 42 38 40 39 39 36 37 33 38 33 33 41
55 55 57 59 59 60 58 56 56 54 54 52 51 45 45 38 41 44 45 46 42 41 39 42 38 40 39 39 36 37 33 37 33 33
52 55 55 57 59 59 60 58 56 56 54 54 52 51 45 44 38 41 44 45 46 42 41 39 42 38 40 39 39 36 37 33 37 33
50 52 55 55 57 59 59 60 58 56 56 54 54 52 51 45 44 38 41 44 45 46 42 41 39 42 38 40 39 39 36 37 33 37
48 50 52 55 55 57 59 59 60 58 56 56 54 53 52 51 45 44 38 41 44 45 46 41 41 39 42 38 40 39 39 36 37 33
48 48 50 52 55 55 57 59 59 60 58 56 56 54 53 52 51 45 44 38 41 44 45 46 41 41 39 42 38 40 39 38 36 37
47 48 48 50 52 55 55 57 59 59 60 58 56 56 53 53 52 51 45 44 38 41 44 45 46 40 40 39 42 38 40 39 37 36
44 47 48 48 50 52 55 55 57 59 59 60 58 55 56 53 53 52 51 45 44 38 41 44 45 46 40 40 39 42 38 40 39 37
44 43 47 47 48 50 52 55 55 57 59 59 60 55 55 55 53 53 52 51 45 44 38 41 43 45 46 40 40 39 42 37 40 38
30 44 43 47 47 48 50 52 55 55 57 59 59 60 54 55 55 53 53 52 51 44 44 38 41 43 45 46 40 40 38 42 37 40
22 30 43 43 47 47 48 50 52 55 55 57 59 57 60 54 55 55 53 53 52 51 44 44 38 41 43 45 46 40 40 37 42 37
29 22 30 43 43 46 47 48 50 52 55 55 57 59 57 60 54 55 55 52 53 52 51 44 43 38 41 43 45 46 40 40 37 42
25 29 22 29 43 43 45 47 48 50 52 55 55 57 59 57 60 54 55 55 52 53 51 51 44 42 38 41 43 45 45 40 41 37
24 25 29 22 29 43 43 45 47 48 50 52 55 55 57 59 57 60 54 55 55 52 53 51 51 44 42 38 41 43 45 45 41 40
29 24 25 29 22 29 43 43 45 47 47 50 52 55 55 56 59 57 60 54 55 55 52 53 51 51 44 42 37 41 43 45 45 42
28 29 24 24 29 22 28 43 42 44 47 47 50 51 55 55 55 58 56 60 54 55 55 52 53 51 50 44 42 37 41 42 47 46
27 27 29 24 24 29 22 28 43 42 44 47 47 45 51 53 55 55 55 56 60 54 54 55 52 53 51 49 44 42 37 41 42 47
22 27 27 28 24 24 28 22 28 43 42 43 47 45 44 51 53 54 54 55 56 60 54 54 54 52 53 50 48 44 42 37 41 41
19 22 27 26 28 24 24 28 22 28 43 42 43 45 45 43 51 53 54 53 55 56 60 54 52 54 51 53 50 48 44 42 37 41
19 19 22 27 26 28 24 24 28 22 28 43 41 43 45 44 43 50 53 54 53 55 56 60 54 52 54 51 53 50 47 44 42 37
20 19 18 21 27 26 28 24 24 28 22 28 43 40 43 45 43 43 50 53 53 53 55 56 60 54 52 54 51 53 50 47 44 42
19 20 19 18 21 27 26 28 23 24 28 22 28 43 40 42 45 43 43 50 53 53 52 55 55 59 53 52 54 50 53 50 46 44
17 18 20 19 18 21 26 26 28 23 23 28 21 28 43 40 41 45 43 43 50 53 52 52 54 55 59 53 51 54 50 53 50 46
16 17 18 20 19 18 21 26 26 28 22 23 28 21 28 42 40 41 45 43 43 50 52 52 51 54 55 59 53 51 54 50 52 50
17 16 17 18 20 19 17 21 26 25 28 22 23 28 21 28 42 40 41 45 43 43 49 52 51 51 54 55 59 53 51 53 50 52
16 17 16 16 18 20 19 17 21 24 24 28 22 23 28 21 28 40 40 40 44 43 43 49 52 50 51 54 54 59 52 51 53 49
15 16 17 16 16 18 20 19 17 21 24 24 28 22 23 27 21 28 40 40 40 43 42 43 48 51 50 50 54 53 59 52 51 53
13 15 16 16 16 16 18 19 19 17 21 24 24 28 22 22 25 21 28 40 40 40 43 42 43 48 50 50 50 54 52 58 52 51
13 12 15 16 16 16 16 18 17 19 16 21 24 23 28 21 21 23 20 27 40 38 40 43 42 43 47 50 49 50 54 52 58 51
12 13 12 15 16 16 16 16 18 15 19 15 21 23 23 28 21 21 23 20 27 40 38 40 43 42 42 46 50 49 50 54 51 58
11 12 13 11 15 16 14 16 14 18 15 19 15 21 23 22 27 21 21 23 20 26 40 37 39 42 40 42 45 50 48 50 54 51
10 11 12 13 11 15 16 14 16 14 18 15 18 14 21 20 22 26 21 21 23 20 26 40 36 39 42 40 42 44 47 48 50 53
10 10 11 12 11 11 15 16 13 15 14 18 15 18 13 20 20 22 26 21 20 23 20 26 40 34 39 41 40 42 44 47 46 50
 9  9 10 11 12 10 11 14 16 12 15 14 18 15 17 13 20 20 22 25 20 20 23 20 26 40 34 39 41 39 41 44 47 46
 8  8  9  9 11 12 10 11 14 15 12 13 13 17 15 17 13 20 20 21 25 20 20 23 20 26 38 33 39 41 39 41 44 46
 7  8  8  9  9 10 12  8 11 14 15 12 12 13 17 14 17 13 19 20 21 25 18 20 22 20 25 37 32 38 40 39 41 44
 7  7  8  8  9  8  9 12  8 11 14 15 12 10 12 16 14 17 13 19 20 21 25 18 20 20 18 23 36 32 38 39 38 40
 7  5  7  8  8  9  8  8 11  8 10 11 15 12  7 11 16 14 16 13 18 20 21 25 17 20 19 18 22 35 31 36 38 37
 7  7  4  7  7  8  8  8  7 11  8 10 11 15 11  7 11 16 13 15 13 18 19 20 24 17 20 19 18 19 34 31 35 36
 6  7  6  4  7  5  8  8  8  7 11  8 10 10 14 10  7 11 16 13 15 13 18 17 20 24 16 19 19 18 19 33 30 35
 6  6  6  6  4  7  5  8  7  8  7 11  8  9  9 13 10  7 11 14 13 14 12 18 16 18 23 15 19 19 18 18 33 30
 5  6  6  6  5  3  7  5  7  7  8  7 11  8  9  8 13 10  7  9 14 12 13 11 17 16 17 23 15 17 18 18 17 32
 5  4  6  6  6  5  3  5  5  6  5  8  6 11  7  7  8 12 10  7  9 12 11 13 11 17 16 17 20 14 15 18 17 17
 4  5  4  6  6  6  5  3  5  5  6  5  8  5  9  7  7  7 11 10  6  9 12 10 13 11 16 16 17 18 13 15 18 17
 5  2  5  4  6  6  6  5  3  4  5  6  5  6  5  9  7  7  7 11  9  6  9 11 10 13 10 16 15 16 17 12 15 16
 3  5  2  5  4  6  6  5  4  3  4  5  6  5  6  4  9  6  7  7 11  9  5  8  9  9 12  9 16 15 14 17 11 15
 2  3  4  1  5  4  6  6  5  4  3  3  4  5  5  6  4  9  6  6  6  9  8  5  7  7  8 10  9 15 14 12 17 10
 3  2  3  3  1  4  4  6  5  5  4  2  2  3  5  4  6  4  8  6  4  6  9  8  5  6  5  7  9  8 11 14 11 14
 1  3  2  3  3  0  4  4  5  4  5  4  2  2  3  4  4  5  4  7  6  3  6  9  7  5  4  4  7  9  8 11 14 10
 1  1  3  2  3  3  0  4  4  5  3  4  3  2  2  3  3  4  5  4  7  3  3  5  8  6  5  2  4  7  8  8 11 14
 6  5  4  6  8  8  7  6 10 11 14 13 13 13 13 13 15 15 14 18 20 25 25 23 24 28 31 32 33 31 31 34 37 44
Difference Matrix:
[     0,  0.067,  -0.21, -0.023, -0.068,  -0.07, -0.095,  0.024,  -0.17,  -0.31, -0.081,  -0.39,  -0.28, -0.094,  -0.17,  -0.43,  -0.37,  -0.32,  -0.34,  -0.27,  -0.31,  -0.25,   -0.2,  -0.13,      0,  -0.37,   -0.5,  -0.21,   -0.3,  -0.56,  -0.37,  -0.31,  -0.42,  -0.12]
[     0,      0,  0.043,  -0.23, -0.023, -0.068, -0.091,  -0.12,      0,   -0.2,  -0.32, -0.077,  -0.42,  -0.29,  -0.15,  -0.23,  -0.47,  -0.41,  -0.31,  -0.38,  -0.28,  -0.32,  -0.23,  -0.21,  -0.21, -0.032,  -0.39,  -0.52,  -0.26,  -0.28,  -0.52,  -0.43,  -0.36,  -0.46]
[     0,      0,      0,  0.043,  -0.23, -0.044, -0.089, -0.091,  -0.12,      0,   -0.2,  -0.34,   -0.1,  -0.42,  -0.29,  -0.15,  -0.25,  -0.47,  -0.41,  -0.33,  -0.38,   -0.3,  -0.34,  -0.26,  -0.24,  -0.23, -0.062,  -0.41,  -0.53,  -0.28,   -0.3,  -0.53,  -0.45,  -0.38]
[     0, -0.023,      0, -0.023,  0.021,  -0.25, -0.044, -0.089,  -0.11,  -0.14, -0.023,  -0.21,  -0.34,   -0.1,  -0.42,  -0.31,  -0.15,  -0.25,  -0.48,  -0.42,  -0.33,   -0.4,   -0.3,  -0.36,  -0.26,  -0.24,  -0.23, -0.091,  -0.43,  -0.53,  -0.28,   -0.3,  -0.55,  -0.47]
[     0, -0.029, -0.023,  -0.02, -0.023,  0.021,  -0.25, -0.065,  -0.11,  -0.11,  -0.14, -0.023,  -0.21,  -0.34,   -0.1,  -0.44,  -0.31,  -0.15,  -0.25,  -0.48,  -0.42,  -0.33,   -0.4,  -0.32,  -0.36,  -0.28,  -0.26,  -0.25, -0.091,  -0.43,  -0.53,  -0.28,  -0.32,  -0.56]
[     0, -0.027, -0.029, -0.023,  -0.02, -0.045,  0.021,  -0.25, -0.065,  -0.11,  -0.11,  -0.14, -0.023,   -0.2,  -0.34,   -0.1,  -0.44,  -0.31,  -0.17,  -0.27,  -0.48,  -0.42,  -0.35,   -0.4,  -0.32,  -0.36,  -0.28,  -0.26,  -0.25, -0.091,  -0.43,  -0.53,   -0.3,  -0.34]
[     0, -0.026, -0.027, -0.029, -0.045,  -0.02, -0.045,  0.021,  -0.27, -0.065,  -0.11,  -0.13,  -0.16, -0.023,  -0.21,  -0.34,   -0.1,  -0.44,  -0.31,  -0.17,  -0.27,   -0.5,  -0.44,  -0.35,  -0.42,  -0.32,  -0.38,   -0.3,  -0.26,  -0.27, -0.091,  -0.43,  -0.54,  -0.32]
[     0, -0.027, -0.026, -0.027, -0.029, -0.045,  -0.04, -0.045,      0,  -0.27, -0.085,  -0.13,  -0.13,  -0.16, -0.045,  -0.21,  -0.34,  -0.12,  -0.45,  -0.33,  -0.17,  -0.27,   -0.5,  -0.44,  -0.35,  -0.42,  -0.34,  -0.38,   -0.3,  -0.28,  -0.27, -0.091,  -0.44,  -0.56]
[     0, -0.025, -0.027, -0.026, -0.027, -0.056, -0.045,  -0.04, -0.067,      0,  -0.27, -0.065,  -0.13,  -0.13,  -0.16, -0.045,  -0.23,  -0.36,  -0.12,  -0.45,  -0.33,  -0.17,  -0.27,   -0.5,  -0.44,  -0.35,  -0.42,  -0.34,  -0.38,   -0.3,  -0.28,  -0.31,  -0.12,  -0.44]
[     0, -0.025, -0.025, -0.027, -0.026, -0.027, -0.056, -0.045,  -0.04, -0.067,      0,  -0.27, -0.085,  -0.11,  -0.13,  -0.16, -0.045,  -0.23,  -0.36,  -0.12,  -0.45,  -0.36,  -0.17,  -0.27,   -0.5,  -0.44,  -0.35,  -0.42,  -0.34,  -0.38,   -0.3,  -0.29,  -0.32,  -0.12]
[     0,      0, -0.025, -0.025, -0.027, -0.026, -0.027, -0.056, -0.045,  -0.04, -0.067,      0,  -0.27, -0.065,  -0.11,  -0.13,  -0.16, -0.045,  -0.23,  -0.36,  -0.12,  -0.45,  -0.36,  -0.19,  -0.27,   -0.5,  -0.44,  -0.35,  -0.42,  -0.34,  -0.38,  -0.28,  -0.31,  -0.34]
[     0,      0,      0, -0.025, -0.025, -0.027, -0.026, -0.053, -0.056, -0.045, -0.059, -0.067,      0,  -0.27, -0.065,  -0.13,  -0.13,  -0.16, -0.045,  -0.23,  -0.36,  -0.12,  -0.48,  -0.36,  -0.19,  -0.27,   -0.5,  -0.44,  -0.35,  -0.42,  -0.34,  -0.38,   -0.3,  -0.31]
[     0,      0,      0,      0, -0.025, -0.025, -0.027,  -0.05, -0.053, -0.056, -0.045, -0.059, -0.067,      0,  -0.27, -0.065,  -0.13,  -0.13,  -0.17, -0.067,  -0.23,  -0.36,  -0.12,  -0.48,  -0.36,  -0.19,  -0.27,   -0.5,  -0.44,  -0.37,  -0.42,  -0.32,  -0.38,   -0.3]
[     0,      0,      0,      0,      0, -0.025, -0.025, -0.027,  -0.05, -0.053, -0.056, -0.067, -0.059, -0.067,      0,  -0.27, -0.065,  -0.13,  -0.13,  -0.17, -0.067,  -0.23,  -0.36,  -0.12,  -0.48,  -0.36,  -0.19,  -0.27,   -0.5,  -0.46,  -0.37,  -0.44,  -0.34,   -0.4]
[     0,      0,      0,      0,      0,      0, -0.025, -0.025, -0.027,  -0.05, -0.053, -0.056, -0.067,  -0.04, -0.067,      0,  -0.27, -0.065,  -0.13,  -0.15,  -0.17, -0.067,  -0.23,  -0.36,  -0.12,  -0.48,  -0.36,  -0.19,  -0.27,   -0.5,  -0.46,  -0.38,  -0.44,  -0.36]
[     0,      0,      0,      0,      0,      0,      0, -0.025, -0.025, -0.027,  -0.05, -0.053, -0.056, -0.045,  -0.04, -0.067,      0,  -0.27, -0.085,  -0.13,  -0.15,  -0.17, -0.067,  -0.23,  -0.36,  -0.12,  -0.48,  -0.36,  -0.19,  -0.29,   -0.5,  -0.44,   -0.4,  -0.46]
[     0,      0,      0,      0,      0,      0,      0,      0, -0.025, -0.025, -0.027,  -0.05, -0.053, -0.083, -0.068,  -0.04, -0.067,      0,  -0.27, -0.085,  -0.13,  -0.15,  -0.17, -0.067,  -0.23,  -0.36,  -0.12,  -0.48,  -0.36,  -0.19,  -0.29,   -0.5,  -0.46,   -0.4]
[     0, -0.022,      0, -0.025,      0,      0,      0,      0,      0, -0.025,  -0.05, -0.027,  -0.05, -0.079, -0.083, -0.068,  -0.04, -0.067,      0,  -0.28, -0.085,  -0.13,  -0.15,  -0.17, -0.067,  -0.23,  -0.36,  -0.12,  -0.48,  -0.36,  -0.19,  -0.27,   -0.5,  -0.46]
[     0,      0, -0.022,      0, -0.025,      0,      0,      0,      0,      0, -0.025,  -0.05, -0.027, -0.051, -0.054, -0.083, -0.068,  -0.04, -0.067,      0,  -0.27, -0.085,  -0.13,  -0.15,  -0.17, -0.067,  -0.23,  -0.36,  -0.14,  -0.49,  -0.38,  -0.19,  -0.29,  -0.51]
[     0,      0,      0, -0.022,      0, -0.025,      0,      0,      0, -0.025,      0, -0.025,  -0.05, -0.081, -0.051, -0.054, -0.083, -0.068,  -0.04, -0.089,      0,  -0.27, -0.085,  -0.13,  -0.15,  -0.17, -0.067,  -0.23,  -0.38,  -0.14,  -0.49,  -0.38,  -0.22,  -0.29]
[     0, -0.022,      0,      0, -0.022,      0, -0.025,      0,      0,      0, -0.025,      0, -0.025, -0.077, -0.081, -0.051, -0.079, -0.083, -0.068,  -0.04, -0.089,      0,  -0.27, -0.085,  -0.13,  -0.15,  -0.17, -0.067,  -0.23,  -0.38,  -0.14,  -0.51,  -0.38,  -0.22]
[     0, -0.023, -0.022, -0.021,  -0.02, -0.022,      0, -0.049,      0,      0, -0.024, -0.025,      0, -0.077, -0.077, -0.081, -0.051, -0.079, -0.083, -0.089,  -0.04, -0.089,      0,  -0.27, -0.085,  -0.13,  -0.15,  -0.17, -0.067,  -0.23,  -0.38,  -0.14,  -0.51,  -0.38]
[     0, -0.023, -0.045, -0.043, -0.042,  -0.02, -0.043, -0.024, -0.049, -0.023, -0.026, -0.024, -0.049,      0,   -0.1, -0.098,  -0.11, -0.075, -0.079,  -0.11, -0.089,  -0.04, -0.089,      0,  -0.27, -0.085,  -0.13,  -0.13,  -0.17, -0.067,  -0.23,  -0.36,  -0.14,  -0.51]
[     0, -0.022, -0.045, -0.067, -0.064, -0.042,  -0.04, -0.064, -0.047, -0.071, -0.045,  -0.05,  -0.07, -0.049, -0.049,  -0.14,  -0.12,  -0.13, -0.098,   -0.1,  -0.11, -0.089, -0.059, -0.089,      0,  -0.27, -0.085,  -0.13,  -0.15,  -0.17, -0.067,  -0.23,  -0.36,  -0.14]
[     0, -0.021, -0.062, -0.067, -0.087, -0.083,  -0.08, -0.059, -0.083, -0.068, -0.093, -0.087, -0.095,  -0.07, -0.071, -0.093,  -0.16,  -0.14,  -0.15,  -0.12,  -0.17,  -0.13,  -0.11, -0.059,  -0.11,  -0.02,  -0.28, -0.085,  -0.13,  -0.15,  -0.17, -0.045,  -0.23,  -0.38]
[     0, -0.019, -0.041, -0.082, -0.087,  -0.11,   -0.1,  -0.08, -0.077,   -0.1, -0.089,  -0.13,  -0.12,  -0.12, -0.091,  -0.11,  -0.11,   -0.2,  -0.18,  -0.21,  -0.14,  -0.17,  -0.15,  -0.13, -0.094,  -0.13,  -0.04,   -0.3,   -0.1,  -0.16,  -0.17,  -0.19, -0.087,  -0.25]
[     0, -0.019, -0.038,  -0.06,   -0.1,  -0.13,  -0.12,  -0.12, -0.098,  -0.11,  -0.12,  -0.11,  -0.17,  -0.12,  -0.12,  -0.11,  -0.13,  -0.13,  -0.22,  -0.21,  -0.23,  -0.16,  -0.19,  -0.17,  -0.15,  -0.11,  -0.16, -0.077,  -0.31,  -0.14,  -0.18,  -0.18,  -0.22,  -0.11]
[     0, -0.018, -0.037, -0.056, -0.098,  -0.12,  -0.17,  -0.14,  -0.14,  -0.12,  -0.15,  -0.14,  -0.15,  -0.17,  -0.14,  -0.14,  -0.13,  -0.15,  -0.17,  -0.27,  -0.23,  -0.23,  -0.16,  -0.21,   -0.2,  -0.18,  -0.14,  -0.18, -0.094,  -0.34,  -0.18,   -0.2,  -0.22,  -0.24]
[     0, -0.018, -0.035, -0.055, -0.073, -0.098,  -0.12,  -0.17,  -0.14,  -0.15,  -0.13,  -0.16,  -0.15,  -0.15,  -0.17,  -0.14,  -0.16,  -0.15,  -0.17,   -0.2,  -0.28,  -0.23,  -0.24,  -0.19,  -0.23,  -0.21,   -0.2,  -0.16,   -0.2,  -0.13,  -0.35,  -0.19,  -0.23,  -0.23]
[     0, -0.018, -0.035, -0.035, -0.071, -0.073,  -0.12,  -0.13,  -0.18,  -0.16,  -0.15,  -0.13,  -0.18,  -0.15,  -0.15,  -0.19,  -0.16,  -0.17,  -0.18,   -0.2,   -0.2,  -0.28,  -0.24,  -0.26,  -0.21,  -0.24,  -0.23,  -0.21,  -0.17,  -0.23,  -0.14,  -0.35,  -0.22,  -0.24]
[     0, -0.017, -0.018, -0.035, -0.052, -0.071, -0.089,  -0.13,  -0.15,   -0.2,  -0.18,  -0.17,  -0.15,  -0.16,  -0.15,  -0.16,   -0.2,  -0.18,  -0.19,   -0.2,  -0.22,   -0.2,  -0.29,  -0.26,  -0.28,  -0.21,  -0.26,  -0.25,  -0.23,   -0.2,  -0.24,  -0.14,  -0.38,  -0.24]
[     0, -0.017, -0.017, -0.034, -0.052, -0.068, -0.088,  -0.11,  -0.15,  -0.15,   -0.2,  -0.18,  -0.19,  -0.17,  -0.18,  -0.17,  -0.18,   -0.2,  -0.19,  -0.22,  -0.22,  -0.22,  -0.22,  -0.29,  -0.27,   -0.3,  -0.22,  -0.28,  -0.27,  -0.24,   -0.2,  -0.23,  -0.16,   -0.4]
[     0, -0.016, -0.033, -0.033, -0.034, -0.068, -0.068,   -0.1,  -0.12,  -0.17,  -0.17,  -0.22,  -0.19,  -0.17,  -0.17,  -0.18,  -0.19,  -0.18,  -0.22,  -0.21,  -0.22,  -0.22,  -0.22,  -0.24,  -0.31,  -0.27,   -0.3,  -0.24,  -0.29,  -0.28,  -0.25,   -0.2,  -0.25,  -0.19]
[     0,      0, -0.016, -0.033, -0.033, -0.051, -0.068,   -0.1,  -0.12,  -0.12,  -0.18,  -0.17,  -0.22,   -0.2,  -0.17,  -0.17,  -0.19,   -0.2,   -0.2,  -0.24,  -0.22,  -0.22,  -0.22,  -0.22,  -0.24,  -0.31,  -0.29,  -0.31,  -0.24,  -0.29,  -0.28,  -0.24,  -0.23,  -0.27]
[     0, -0.016,      0, -0.016, -0.033, -0.049, -0.051, -0.083,  -0.11,  -0.12,  -0.14,  -0.18,  -0.18,  -0.24,   -0.2,  -0.19,  -0.18,  -0.19,   -0.2,  -0.21,  -0.25,  -0.22,  -0.22,  -0.22,  -0.24,  -0.24,  -0.31,  -0.29,  -0.31,  -0.25,  -0.33,  -0.28,  -0.27,  -0.24]
[     0, -0.017, -0.033, -0.017, -0.016, -0.049, -0.066, -0.067,  -0.11,  -0.11,  -0.13,  -0.14,  -0.18,  -0.17,  -0.25,   -0.2,  -0.19,  -0.18,  -0.21,  -0.24,  -0.21,  -0.25,  -0.22,  -0.22,  -0.22,  -0.24,  -0.24,  -0.32,  -0.29,  -0.33,  -0.25,  -0.31,   -0.3,  -0.28]
[-0.018, -0.018, -0.017, -0.033, -0.017, -0.032, -0.049, -0.082, -0.067,  -0.11,  -0.13,  -0.13,  -0.14,  -0.17,  -0.17,  -0.25,  -0.21,  -0.19,   -0.2,  -0.21,  -0.24,  -0.21,  -0.25,  -0.22,  -0.24,  -0.23,  -0.24,  -0.24,  -0.32,   -0.3,  -0.33,  -0.26,  -0.33,  -0.31]
[     0, -0.018, -0.035, -0.017, -0.033, -0.017, -0.032, -0.049, -0.097, -0.067,  -0.13,  -0.13,  -0.13,  -0.12,  -0.17,  -0.19,  -0.25,  -0.21,   -0.2,   -0.2,  -0.21,  -0.24,  -0.21,  -0.25,  -0.22,  -0.24,  -0.23,  -0.24,  -0.25,  -0.32,   -0.3,  -0.31,  -0.29,  -0.34]
[     0, -0.019, -0.018, -0.035, -0.017, -0.048, -0.033, -0.032, -0.065, -0.097, -0.082,  -0.13,  -0.13,  -0.12,  -0.14,  -0.17,  -0.19,  -0.25,  -0.21,   -0.2,   -0.2,  -0.21,  -0.24,  -0.21,  -0.25,  -0.22,  -0.24,  -0.23,  -0.25,  -0.25,  -0.32,  -0.29,  -0.33,   -0.3]
[     0,      0, -0.019, -0.035, -0.035, -0.034, -0.048, -0.033, -0.032, -0.065, -0.097, -0.082,  -0.13,  -0.13,  -0.12,  -0.14,  -0.17,  -0.19,  -0.25,  -0.21,   -0.2,   -0.2,  -0.21,  -0.25,  -0.21,  -0.25,  -0.22,  -0.24,  -0.23,  -0.25,  -0.25,  -0.31,   -0.3,  -0.34]
[     0,      0,      0, -0.019, -0.035, -0.035, -0.034, -0.048, -0.033, -0.032, -0.065, -0.097, -0.082,  -0.11,  -0.13,  -0.12,  -0.14,  -0.17,   -0.2,  -0.27,  -0.21,   -0.2,   -0.2,  -0.21,  -0.25,  -0.21,  -0.25,  -0.22,  -0.24,  -0.23,  -0.25,  -0.25,  -0.32,  -0.31]
[     0,      0,      0,  -0.02, -0.019, -0.035, -0.035, -0.034, -0.048, -0.033, -0.032, -0.065, -0.097, -0.067,  -0.13,  -0.13,  -0.12,  -0.14,  -0.17,   -0.2,  -0.27,  -0.21,   -0.2,   -0.2,  -0.21,  -0.27,  -0.23,  -0.25,  -0.22,  -0.24,  -0.23,  -0.22,  -0.29,  -0.33]
[     0,      0,      0,      0,  -0.02, -0.019, -0.035, -0.035, -0.034, -0.048, -0.033, -0.032, -0.065, -0.098, -0.067,  -0.13,  -0.13,  -0.12,  -0.14,  -0.18,   -0.2,  -0.27,  -0.21,   -0.2,   -0.2,  -0.21,  -0.27,  -0.23,  -0.25,  -0.22,  -0.24,  -0.22,  -0.24,   -0.3]
[     0, -0.023,      0, -0.021,      0,  -0.02, -0.019, -0.035, -0.035, -0.034, -0.048, -0.033, -0.032, -0.098, -0.098, -0.083,  -0.13,  -0.13,  -0.12,  -0.14,  -0.18,   -0.2,  -0.27,  -0.21,  -0.22,   -0.2,  -0.21,  -0.27,  -0.23,  -0.25,  -0.22,  -0.23,  -0.23,  -0.27]
[     0,      0, -0.023,      0, -0.021,      0,  -0.02, -0.019, -0.035, -0.035, -0.034, -0.048, -0.033, -0.016,  -0.11, -0.098, -0.083,  -0.13,  -0.13,  -0.12,  -0.14,  -0.19,   -0.2,  -0.25,  -0.21,  -0.22,   -0.2,  -0.21,  -0.27,  -0.23,  -0.27,  -0.19,  -0.24,  -0.23]
[-0.043,      0, -0.023, -0.023,      0, -0.021,      0,  -0.02, -0.019, -0.035, -0.035, -0.034, -0.048,  -0.05, -0.016,  -0.11, -0.098, -0.083,  -0.13,  -0.13,  -0.12,  -0.14,  -0.19,  -0.19,  -0.25,  -0.21,  -0.22,   -0.2,  -0.21,  -0.27,  -0.22,  -0.26,  -0.21,  -0.26]
[     0, -0.043,      0, -0.023, -0.023, -0.021, -0.021,      0,      0, -0.019, -0.035, -0.035, -0.034, -0.033,  -0.05, -0.016,  -0.11, -0.083, -0.068,  -0.15,  -0.13,  -0.12,  -0.14,  -0.19,   -0.2,  -0.25,  -0.21,  -0.22,   -0.2,  -0.21,  -0.27,   -0.2,  -0.27,  -0.22]
[     0,      0, -0.043, -0.033, -0.023, -0.023, -0.043, -0.021,      0,      0, -0.019, -0.035, -0.035, -0.017, -0.033,  -0.05, -0.016,   -0.1, -0.083, -0.068,  -0.15,  -0.13,  -0.14,  -0.12,  -0.19,  -0.22,  -0.25,  -0.21,  -0.22,   -0.2,  -0.21,  -0.25,   -0.2,  -0.29]
[ -0.04,      0,      0, -0.043, -0.033, -0.023, -0.023, -0.043, -0.021,      0,      0, -0.019, -0.035, -0.018, -0.017, -0.017,  -0.05, -0.016,   -0.1, -0.083, -0.068,  -0.13,  -0.13,  -0.12,  -0.12,  -0.19,  -0.22,  -0.25,   -0.2,   -0.2,  -0.18,   -0.2,  -0.24,  -0.22]
[     0,  -0.04,      0,      0, -0.043, -0.033,      0, -0.023, -0.043, -0.021, -0.021,      0, -0.019, -0.018, -0.018, -0.018, -0.017, -0.034,      0,   -0.1, -0.083, -0.068,  -0.13,  -0.12,  -0.12,  -0.12,  -0.19,  -0.22,  -0.27,   -0.2,   -0.2,  -0.17,  -0.21,  -0.24]
[-0.034,      0,  -0.04,  -0.04,      0, -0.043, -0.067,      0, -0.045, -0.064, -0.021, -0.021,      0,      0, -0.018, -0.018, -0.035, -0.033, -0.051,      0,   -0.1, -0.083, -0.068,  -0.13,  -0.12,  -0.12,  -0.12,  -0.17,  -0.21,  -0.26,   -0.2,  -0.19,  -0.13,  -0.19]
[     0, -0.069,      0,  -0.04,  -0.04,      0, -0.043, -0.067,      0, -0.045, -0.064, -0.021, -0.021, -0.082,      0, -0.036,      0, -0.035, -0.068, -0.051,      0, -0.085, -0.085, -0.052,  -0.12,  -0.12,  -0.12,  -0.14,  -0.17,  -0.21,  -0.26,  -0.16,  -0.21,  -0.15]
[-0.043,      0, -0.036, -0.034,  -0.04,  -0.04,      0, -0.043, -0.067,      0, -0.023, -0.065,      0, -0.022,   -0.1,      0, -0.036, -0.018, -0.053, -0.068, -0.034,      0, -0.085, -0.085, -0.069,  -0.12,   -0.1,  -0.12,  -0.16,  -0.17,  -0.21,  -0.24,  -0.18,  -0.24]
[     0, -0.043,      0, -0.071, -0.034,  -0.04,  -0.04,      0, -0.043, -0.067,      0, -0.023, -0.065, -0.022, -0.022,   -0.1,      0, -0.036, -0.018,  -0.07, -0.068, -0.034,  0.017, -0.085,  -0.12, -0.069,  -0.14,   -0.1,  -0.12,  -0.16,  -0.17,  -0.18,  -0.24,  -0.18]
[ -0.05,      0,      0,      0, -0.071, -0.034,  -0.04,  -0.04,      0, -0.043, -0.067,      0, -0.047, -0.044, -0.022, -0.043,   -0.1,  -0.02, -0.019,      0, -0.054, -0.052, -0.034,  0.017, -0.085,   -0.1, -0.053,  -0.12,   -0.1,  -0.12,  -0.16,  -0.14,  -0.19,  -0.26]
[-0.091,  -0.05, -0.053, -0.045,      0, -0.071,      0,  -0.04,  -0.04,      0, -0.043, -0.034,  0.024, -0.048, -0.044, -0.022, -0.065,   -0.1,      0, -0.019, -0.019, -0.054, -0.052, -0.018,  0.017, -0.069,   -0.1, -0.053,  -0.12, -0.086,  -0.12,  -0.13,  -0.14,  -0.19]
[     0, -0.048,  -0.05, -0.053, -0.045,      0, -0.071,      0, -0.042,      0,      0,      0, -0.034,  0.049, -0.048, -0.067,      0, -0.044,   -0.1,      0, -0.019, -0.019, -0.055, -0.052, -0.035,  0.017, -0.086,   -0.1, -0.053,  -0.14, -0.086, -0.091,  -0.16,  -0.15]
[-0.056, -0.053, -0.048,      0, -0.053, -0.045, -0.037, -0.071,      0, -0.042, -0.042,      0, -0.045,      0,  0.049, -0.048, -0.068,      0, -0.044, -0.085,      0,      0, -0.019, -0.055, -0.053, -0.035,  0.017, -0.086,  -0.12, -0.036,  -0.12, -0.054, -0.091,  -0.16]
[-0.059, -0.056, -0.053, -0.048,      0,      0, -0.045,      0, -0.037,      0, -0.083, -0.042,  0.037, -0.045,      0,  0.024, -0.024, -0.068,      0, -0.044, -0.085,      0, -0.019, -0.019, -0.073, -0.053, -0.018,  0.017,  -0.07,  -0.11, -0.036, -0.091, -0.071, -0.091]
[     0, -0.059, -0.056, -0.053, -0.048,      0, -0.056, -0.045,      0, -0.074,  0.037, -0.083, -0.042,  0.037,      0,      0,   0.05, -0.024, -0.068,      0, -0.044, -0.085,      0, -0.019, -0.038, -0.056, -0.053, -0.018,  0.035,  -0.07,  -0.11, -0.019,  -0.11, -0.088]
[     0,  0.062, -0.059,  -0.11, -0.053, -0.048,      0, -0.056,      0, -0.077,  -0.11,  0.037, -0.043,      0,  0.077,      0,      0,      0, -0.024,  -0.07,      0, -0.023, -0.065,      0,      0, -0.038, -0.056, -0.036, -0.036,  0.035, -0.071, -0.073, -0.036,  -0.12]
[     0,      0,  0.062, -0.059,  -0.11,      0,      0,  0.056, -0.056,      0,  -0.04, -0.077,  0.037, -0.043,      0,  0.038,      0,  0.037,      0,      0,  -0.07, -0.023, -0.045, -0.065,  -0.02, -0.019, -0.038, -0.057, -0.036, -0.036,  0.035, -0.055, -0.073, -0.036]
[-0.071,      0,      0,      0,      0, -0.059,      0,  -0.05,  0.056, -0.056,      0,  -0.04, -0.077,  0.077,      0, -0.043, -0.038,      0,  0.037,  0.026,      0,  -0.07, -0.023, -0.045, -0.065,      0,  -0.02,  -0.02, -0.057, -0.018, -0.055,  0.055, -0.055, -0.089]
[     0,  -0.14,      0,  0.067,      0,      0, -0.059,      0,  -0.15,  0.056, -0.059,   0.05,  -0.04,  -0.08,  0.077, -0.045, -0.045,  -0.12, -0.048,      0,  0.026, -0.026, -0.048,      0, -0.023, -0.044, -0.021,  -0.02, -0.039, -0.057, -0.018, -0.019,  0.055, -0.073]
[     0,      0,  -0.14,  0.071,  0.067,  0.067,      0, -0.059,  0.059,  -0.21,   0.12,  -0.12,   0.05, -0.042,  -0.08,   0.12, -0.045, -0.045,  -0.08,      0,      0,  0.053, -0.026, -0.048,      0, -0.023, -0.067, -0.021,      0,  -0.02, -0.038,  0.019, -0.038,  0.055]
[     0,      0,      0,  -0.15,  0.071,  0.067, -0.067,      0,  -0.12,  0.059,  -0.21,   0.12,  -0.12,   0.11, -0.042,  -0.12,   0.08, -0.045, -0.045,  -0.08,      0,      0,  0.053, -0.026, -0.049,      0, -0.048, -0.045, -0.043,      0,  -0.04,  -0.02,  0.019, -0.038]
[     0,      0,  0.091,  0.083,  -0.15,  0.071,   0.14, -0.067,  0.067,  -0.12,  0.059,  -0.21,  0.059,  -0.12,   0.11,  -0.13, -0.083,   0.04,      0, -0.045,  -0.08,      0,      0,  0.081, -0.053, -0.049,      0, -0.048, -0.045, -0.043, -0.041,      0,      0,      0]
[     0,      0,    0.1,  0.091, -0.083, -0.083,   0.15,   0.14, -0.071,      0,  -0.12,   0.12,  -0.17,   0.12,  -0.19,  0.053,  -0.13, -0.083,  0.083,      0, -0.048, -0.042,      0,      0,  0.081, -0.081, -0.025,      0, -0.024, -0.023, -0.043, -0.021, -0.042,      0]
[     0,      0,      0,    0.1,  0.091,  -0.17, -0.083,  0.077,   0.23,  -0.14,      0, -0.067,   0.12,  -0.12,  0.062,  -0.13,   0.11, -0.091, -0.043,  0.042, -0.048, -0.048, -0.042,  0.053,   0.04,   0.11, -0.081, -0.025,      0, -0.049, -0.047,      0, -0.021, -0.042]
[ -0.11,  -0.11,      0,      0,    0.1,    0.2, -0.091, -0.083,   0.17,   0.15, -0.077, -0.071,  -0.13,   0.13,  -0.12,  0.062,  -0.13,   0.11, -0.091, -0.087,  0.087,      0, -0.048,      0,  0.053,   0.04,  0.056, -0.083,      0,  0.025, -0.025,      0,      0, -0.021]
[ -0.12,      0,      0,   0.12,      0,   0.11,    0.2,  -0.27,      0,   0.17,   0.15, -0.077,  -0.14, -0.071,   0.13,  -0.18,   0.13,  -0.13,  0.056, -0.091, -0.045,  0.087,   -0.1,      0, -0.043,  0.053,  0.042,  0.057,  -0.11, -0.026,  0.026,      0,      0,      0]
[     0,  -0.12,      0,      0,   0.12,  -0.11,      0,    0.2,  -0.27,      0,   0.17,   0.25,      0,  -0.23, -0.077,   0.14,  -0.12,   0.13, -0.071,   0.12, -0.048, -0.045,   0.14, -0.053,      0,  -0.13,      0, -0.042,  0.029, -0.086,      0,  0.026, -0.026, -0.024]
[     0,  -0.29,      0,   0.14,      0,   0.12,      0,  -0.11,   0.22,   -0.2,      0,      0,   0.25,      0,  -0.46,  -0.15,   0.14,  -0.12,   0.14, -0.071,  0.059,      0,      0,   0.14,  -0.11,  0.053,  -0.14,      0, -0.043,  0.029, -0.088, -0.027,      0, -0.026]
[     0,      0,  -0.43,      0,      0,   0.14,   0.14,      0,  -0.12,   0.22,   -0.2,      0,      0,   0.36,      0,  -0.42,  -0.15,   0.23,  -0.13,  0.071, -0.071,   0.12,  -0.05, -0.048,   0.14, -0.056,  0.053,  -0.14,  0.059,  -0.17,   0.03, -0.061, -0.028, -0.027]
[ -0.14,   0.17,      0,  -0.33,      0,  -0.29,   0.14,   0.14,   0.14,  -0.12,   0.38,  -0.11,      0,      0,    0.4, -0.091,  -0.42, -0.083,   0.23,  -0.13,   0.15,      0,   0.12,  -0.11,      0,   0.14,  -0.11,  0.056, -0.095,  0.059,  -0.14,  0.031, -0.062, -0.028]
[     0,      0,      0,      0,  -0.33,   0.17,  -0.17,   0.33,   0.17,   0.14,      0,   0.38,  -0.11,   0.12,      0,    0.3,      0,  -0.36, -0.083,   0.17, -0.071,  0.077, -0.077,    0.2,  -0.16,   -0.1,   0.15,  -0.12,  0.056,  -0.05,   0.12,  -0.14,  0.065, -0.062]
[ -0.17,      0,      0,      0,      0,   -0.4,   0.17,  -0.17,   0.17,   0.17,   0.33,      0,   0.57,   0.14,   0.12,  -0.11,    0.3,      0,  -0.36,  -0.18,   0.17, -0.077,      0, -0.083,   0.13,  -0.11,  -0.11,   0.21,  -0.12,      0,   -0.1,   0.12,  -0.19,  0.067]
[     0,   -0.2,    0.2,    0.2,    0.2,      0,   -0.4,      0,      0,    0.2,      0,   0.33,      0,   0.83,      0,  -0.12,  -0.11,   0.33,   0.11,   -0.3,  -0.18,  0.091,  -0.15,  0.083, -0.083,   0.21, -0.059, -0.056,  0.053,  -0.12,  -0.12, -0.053,   0.13,  -0.15]
[  -0.2,      0,   -0.2,    0.2,    0.2,    0.2,      0,  -0.25,      0,      0,    0.2,      0,   0.33,      0,    0.5,      0,      0,  -0.12,   0.38,   0.11,   -0.4,   -0.1,  0.091,  -0.17,  0.083,      0,   0.14, -0.059,      0,      0,  -0.13, -0.062,      0,   0.13]
[     0,   -0.5,   0.25,      0,    0.5,    0.5,    0.5,   0.25,  -0.25,      0,   0.25,    0.2,      0,    0.2,      0,    0.5,   0.17,      0,  -0.12,   0.38,   0.12,  -0.33,   -0.1,    0.1,  -0.17,   0.18, -0.091,   0.23, -0.062, -0.059,      0,   -0.2,      0,  -0.11]
[ -0.25,   0.25,   -0.5,   0.25,      0,    0.5,    0.5,   0.25,      0,  -0.25,      0,   0.25,    0.5,   0.25,    0.2,   -0.2,    0.8,      0,   0.17,      0,   0.38,   0.12,  -0.44,  -0.11,   -0.1,  -0.18,    0.2,   -0.1,   0.33,      0,  -0.12,  0.062,  -0.21,      0]
[ -0.33,      0,      0,  -0.75,   0.67,   0.33,      1,      1,   0.67,   0.33,      0,  -0.25,      0,   0.25,   0.25,    0.5,      0,    0.8,      0,      0,  -0.14,   0.29,   0.14,  -0.38,  -0.12,  -0.22,   -0.2,      0,   -0.1,   0.25,      0,   -0.2,   0.13,  -0.23]
[     0,  -0.33,      0,      0,  -0.67,   0.33,   0.33,      1,   0.67,   0.67,   0.33,  -0.33,  -0.33,      0,   0.67,      0,    0.5,      0,      1,    0.2,   -0.2,      0,   0.29,   0.14,  -0.38,  -0.25,  -0.38,   -0.3,      0,  -0.11,      0,  0.077,  -0.21, -0.067]
[  -0.5,    0.5,      0,      0,      0,     -1,   0.33,   0.33,   0.67,   0.33,   0.67,   0.33,  -0.33,  -0.33,      0,   0.33,   0.33,   0.67,      0,   0.75,    0.2,   -0.4,      0,    0.5,   0.17,  -0.29,  -0.43,   -0.5,  -0.22,      0,      0,    0.1,   0.17,  -0.23]
[     0,   -0.5,    0.5,      0,    0.5,    0.5,     -1,      1,      1,    1.5,    0.5,      1,    0.5,      0,      0,      0,      0,   0.33,   0.67,   0.33,   0.75,  -0.25,   -0.4,      0,    0.6,      0,  -0.17,  -0.71,  -0.43,  -0.12,      0,      0,    0.1,   0.17]
[     0,  -0.29,   -0.5,  -0.33,  -0.11,   -0.2,  -0.36,  -0.45,  -0.17, -0.083,   0.17,      0,      0,      0, -0.071, -0.071,      0, -0.062,  -0.12,  0.059,   0.11,   0.25,   0.19,      0,  -0.04,  0.037,  0.069,      0, -0.029,  -0.16,  -0.23,  -0.21,  -0.16, -0.064]

Difference Matrix:
[  0,   3,  -9,  -1,  -3,  -3,  -4,   1,  -7, -11,  -3, -15,  -9,  -3,  -5, -13, -11, -10, -11,  -8,  -9,  -7,  -6,  -4,   0, -11, -15,  -6,  -8, -15, -10,  -8, -11,  -3]
[  0,   0,   2, -10,  -1,  -3,  -4,  -5,   0,  -8, -12,  -3, -17, -10,  -5,  -7, -15, -13, -10, -13,  -9, -10,  -7,  -7,  -7,  -1, -13, -17,  -8,  -8, -15, -13, -10, -13]
[  0,   0,   0,   2, -10,  -2,  -4,  -4,  -5,   0,  -8, -13,  -4, -17, -10,  -5,  -8, -15, -13, -11, -13, -10, -11,  -8,  -8,  -8,  -2, -14, -18,  -9,  -9, -16, -14, -11]
[  0,  -1,   0,  -1,   1, -11,  -2,  -4,  -5,  -6,  -1,  -9, -13,  -4, -17, -11,  -5,  -8, -16, -14, -11, -14, -10, -12,  -8,  -8,  -8,  -3, -15, -18,  -9,  -9, -17, -15]
[  0,  -1,  -1,  -1,  -1,   1, -11,  -3,  -5,  -5,  -6,  -1,  -9, -13,  -4, -18, -11,  -5,  -8, -16, -14, -11, -14, -11, -12,  -9,  -9,  -9,  -3, -15, -18,  -9, -10, -18]
[  0,  -1,  -1,  -1,  -1,  -2,   1, -11,  -3,  -5,  -5,  -6,  -1,  -8, -13,  -4, -18, -11,  -6,  -9, -16, -14, -12, -14, -11, -12,  -9,  -9,  -9,  -3, -15, -18, -10, -11]
[  0,  -1,  -1,  -1,  -2,  -1,  -2,   1, -12,  -3,  -5,  -6,  -7,  -1,  -9, -13,  -4, -18, -11,  -6,  -9, -17, -15, -12, -15, -11, -13, -10,  -9, -10,  -3, -15, -19, -11]
[  0,  -1,  -1,  -1,  -1,  -2,  -2,  -2,   0, -12,  -4,  -6,  -6,  -7,  -2,  -9, -13,  -5, -19, -12,  -6,  -9, -17, -15, -12, -15, -12, -13, -10, -10, -10,  -3, -16, -20]
[  0,  -1,  -1,  -1,  -1,  -2,  -2,  -2,  -3,   0, -12,  -3,  -6,  -6,  -7,  -2, -10, -14,  -5, -19, -12,  -6,  -9, -17, -15, -12, -15, -12, -13, -10, -10, -11,  -4, -16]
[  0,  -1,  -1,  -1,  -1,  -1,  -2,  -2,  -2,  -3,   0, -12,  -4,  -5,  -6,  -7,  -2, -10, -14,  -5, -19, -13,  -6,  -9, -17, -15, -12, -15, -12, -13, -10, -10, -12,  -4]
[  0,   0,  -1,  -1,  -1,  -1,  -1,  -2,  -2,  -2,  -3,   0, -12,  -3,  -5,  -6,  -7,  -2, -10, -14,  -5, -19, -13,  -7,  -9, -17, -15, -12, -15, -12, -13,  -9, -11, -13]
[  0,   0,   0,  -1,  -1,  -1,  -1,  -2,  -2,  -2,  -3,  -3,   0, -12,  -3,  -6,  -6,  -7,  -2, -10, -14,  -5, -20, -13,  -7,  -9, -17, -15, -12, -15, -12, -13, -10, -11]
[  0,   0,   0,   0,  -1,  -1,  -1,  -2,  -2,  -2,  -2,  -3,  -3,   0, -12,  -3,  -6,  -6,  -8,  -3, -10, -14,  -5, -20, -13,  -7,  -9, -17, -15, -13, -15, -11, -13, -10]
[  0,   0,   0,   0,   0,  -1,  -1,  -1,  -2,  -2,  -2,  -3,  -3,  -3,   0, -12,  -3,  -6,  -6,  -8,  -3, -10, -14,  -5, -20, -13,  -7,  -9, -17, -16, -13, -16, -12, -14]
[  0,   0,   0,   0,   0,   0,  -1,  -1,  -1,  -2,  -2,  -2,  -3,  -2,  -3,   0, -12,  -3,  -6,  -7,  -8,  -3, -10, -14,  -5, -20, -13,  -7,  -9, -17, -16, -13, -16, -13]
[  0,   0,   0,   0,   0,   0,   0,  -1,  -1,  -1,  -2,  -2,  -2,  -2,  -2,  -3,   0, -12,  -4,  -6,  -7,  -8,  -3, -10, -14,  -5, -20, -13,  -7, -10, -17, -15, -14, -17]
[  0,   0,   0,   0,   0,   0,   0,   0,  -1,  -1,  -1,  -2,  -2,  -3,  -3,  -2,  -3,   0, -12,  -4,  -6,  -7,  -8,  -3, -10, -14,  -5, -20, -13,  -7, -10, -17, -16, -14]
[  0,  -1,   0,  -1,   0,   0,   0,   0,   0,  -1,  -2,  -1,  -2,  -3,  -3,  -3,  -2,  -3,   0, -13,  -4,  -6,  -7,  -8,  -3, -10, -14,  -5, -20, -13,  -7,  -9, -17, -16]
[  0,   0,  -1,   0,  -1,   0,   0,   0,   0,   0,  -1,  -2,  -1,  -2,  -2,  -3,  -3,  -2,  -3,   0, -12,  -4,  -6,  -7,  -8,  -3, -10, -14,  -6, -21, -14,  -7, -10, -18]
[  0,   0,   0,  -1,   0,  -1,   0,   0,   0,  -1,   0,  -1,  -2,  -3,  -2,  -2,  -3,  -3,  -2,  -4,   0, -12,  -4,  -6,  -7,  -8,  -3, -10, -15,  -6, -21, -14,  -8, -10]
[  0,  -1,   0,   0,  -1,   0,  -1,   0,   0,   0,  -1,   0,  -1,  -3,  -3,  -2,  -3,  -3,  -3,  -2,  -4,   0, -12,  -4,  -6,  -7,  -8,  -3, -10, -15,  -6, -22, -14,  -8]
[  0,  -1,  -1,  -1,  -1,  -1,   0,  -2,   0,   0,  -1,  -1,   0,  -3,  -3,  -3,  -2,  -3,  -3,  -4,  -2,  -4,   0, -12,  -4,  -6,  -7,  -8,  -3, -10, -15,  -6, -22, -14]
[  0,  -1,  -2,  -2,  -2,  -1,  -2,  -1,  -2,  -1,  -1,  -1,  -2,   0,  -4,  -4,  -4,  -3,  -3,  -4,  -4,  -2,  -4,   0, -12,  -4,  -6,  -6,  -8,  -3, -10, -14,  -6, -22]
[  0,  -1,  -2,  -3,  -3,  -2,  -2,  -3,  -2,  -3,  -2,  -2,  -3,  -2,  -2,  -6,  -5,  -5,  -4,  -4,  -4,  -4,  -3,  -4,   0, -12,  -4,  -6,  -7,  -8,  -3, -10, -14,  -6]
[  0,  -1,  -3,  -3,  -4,  -4,  -4,  -3,  -4,  -3,  -4,  -4,  -4,  -3,  -3,  -4,  -7,  -6,  -6,  -5,  -7,  -5,  -5,  -3,  -5,  -1, -13,  -4,  -6,  -7,  -8,  -2, -10, -15]
[  0,  -1,  -2,  -4,  -4,  -5,  -5,  -4,  -4,  -5,  -4,  -6,  -6,  -5,  -4,  -5,  -5,  -9,  -8,  -9,  -6,  -7,  -6,  -6,  -5,  -6,  -2, -14,  -5,  -8,  -8,  -9,  -4, -11]
[  0,  -1,  -2,  -3,  -5,  -6,  -6,  -6,  -5,  -6,  -6,  -5,  -8,  -6,  -5,  -5,  -6,  -6, -10, -10, -10,  -7,  -8,  -7,  -7,  -6,  -8,  -4, -15,  -7,  -9,  -9, -11,  -5]
[  0,  -1,  -2,  -3,  -5,  -6,  -8,  -7,  -7,  -6,  -8,  -7,  -7,  -8,  -7,  -6,  -6,  -7,  -8, -13, -11, -10,  -7,  -9,  -8,  -9,  -8,  -9,  -5, -17,  -9, -10, -11, -12]
[  0,  -1,  -2,  -3,  -4,  -5,  -6,  -8,  -7,  -8,  -7,  -9,  -8,  -7,  -8,  -7,  -7,  -7,  -8, -10, -14, -11, -11,  -9, -10,  -9, -10,  -9, -10,  -7, -18, -10, -12, -12]
[  0,  -1,  -2,  -2,  -4,  -4,  -6,  -7,  -9,  -8,  -8,  -7, -10,  -8,  -7,  -9,  -8,  -8,  -9, -10, -10, -14, -12, -12, -10, -11, -10, -11, -10, -12,  -8, -18, -12, -13]
[  0,  -1,  -1,  -2,  -3,  -4,  -5,  -7,  -8, -10,  -9,  -9,  -8,  -9,  -8,  -8, -10,  -9,  -9, -10, -11, -10, -15, -13, -13, -10, -12, -11, -12, -12, -13,  -8, -20, -13]
[  0,  -1,  -1,  -2,  -3,  -4,  -5,  -6,  -8,  -8, -10,  -9, -10,  -9, -10,  -9,  -9, -10, -10, -11, -11, -11, -11, -15, -14, -14, -11, -13, -12, -13, -12, -12,  -9, -22]
[  0,  -1,  -2,  -2,  -2,  -4,  -4,  -6,  -7,  -9,  -9, -11, -10,  -9,  -9, -10, -10,  -9, -11, -11, -11, -11, -11, -12, -16, -14, -14, -12, -14, -13, -14, -12, -14, -11]
[  0,   0,  -1,  -2,  -2,  -3,  -4,  -6,  -7,  -7, -10,  -9, -11, -10,  -9,  -9, -11, -11, -10, -12, -12, -11, -11, -11, -12, -16, -15, -15, -12, -14, -13, -13, -14, -15]
[  0,  -1,   0,  -1,  -2,  -3,  -3,  -5,  -7,  -7,  -8, -10, -10, -12, -10, -10, -10, -11, -11, -11, -13, -12, -11, -11, -12, -12, -16, -15, -15, -13, -16, -13, -15, -15]
[  0,  -1,  -2,  -1,  -1,  -3,  -4,  -4,  -7,  -7,  -8,  -8, -10,  -9, -13, -10, -10, -10, -12, -13, -11, -13, -12, -11, -11, -12, -12, -17, -15, -16, -13, -15, -14, -16]
[ -1,  -1,  -1,  -2,  -1,  -2,  -3,  -5,  -4,  -7,  -8,  -8,  -8,  -9,  -9, -13, -11, -10, -11, -12, -13, -11, -13, -12, -12, -12, -12, -12, -17, -16, -16, -13, -16, -15]
[  0,  -1,  -2,  -1,  -2,  -1,  -2,  -3,  -6,  -4,  -8,  -8,  -8,  -7,  -9, -10, -13, -11, -11, -11, -12, -13, -11, -13, -12, -12, -12, -12, -13, -17, -16, -15, -15, -17]
[  0,  -1,  -1,  -2,  -1,  -3,  -2,  -2,  -4,  -6,  -5,  -8,  -8,  -7,  -8,  -9, -10, -13, -11, -11, -11, -12, -13, -11, -13, -12, -12, -12, -13, -13, -17, -15, -16, -16]
[  0,   0,  -1,  -2,  -2,  -2,  -3,  -2,  -2,  -4,  -6,  -5,  -8,  -8,  -7,  -8,  -9, -10, -13, -11, -11, -11, -12, -14, -11, -13, -12, -12, -12, -13, -13, -16, -16, -17]
[  0,   0,   0,  -1,  -2,  -2,  -2,  -3,  -2,  -2,  -4,  -6,  -5,  -7,  -8,  -7,  -8,  -9, -11, -14, -11, -11, -11, -12, -14, -11, -13, -12, -12, -12, -13, -13, -17, -17]
[  0,   0,   0,  -1,  -1,  -2,  -2,  -2,  -3,  -2,  -2,  -4,  -6,  -4,  -8,  -8,  -7,  -8,  -9, -11, -14, -11, -11, -11, -12, -15, -12, -13, -12, -12, -12, -11, -15, -18]
[  0,   0,   0,   0,  -1,  -1,  -2,  -2,  -2,  -3,  -2,  -2,  -4,  -6,  -4,  -8,  -8,  -7,  -8, -10, -11, -14, -11, -11, -11, -12, -15, -12, -13, -12, -12, -11, -12, -16]
[  0,  -1,   0,  -1,   0,  -1,  -1,  -2,  -2,  -2,  -3,  -2,  -2,  -6,  -6,  -5,  -8,  -8,  -7,  -8, -10, -11, -14, -11, -12, -11, -12, -15, -12, -13, -12, -11, -12, -14]
[  0,   0,  -1,   0,  -1,   0,  -1,  -1,  -2,  -2,  -2,  -3,  -2,  -1,  -7,  -6,  -5,  -8,  -8,  -7,  -8, -10, -11, -13, -11, -12, -11, -12, -15, -12, -14, -10, -12, -12]
[ -1,   0,  -1,  -1,   0,  -1,   0,  -1,  -1,  -2,  -2,  -2,  -3,  -3,  -1,  -7,  -6,  -5,  -8,  -8,  -7,  -8, -10, -10, -13, -11, -12, -11, -12, -15, -11, -13, -11, -13]
[  0,  -1,   0,  -1,  -1,  -1,  -1,   0,   0,  -1,  -2,  -2,  -2,  -2,  -3,  -1,  -7,  -5,  -4,  -9,  -8,  -7,  -8, -10, -11, -13, -11, -12, -11, -12, -15, -10, -14, -12]
[  0,   0,  -1,  -1,  -1,  -1,  -2,  -1,   0,   0,  -1,  -2,  -2,  -1,  -2,  -3,  -1,  -6,  -5,  -4,  -9,  -8,  -8,  -7, -10, -12, -13, -11, -12, -11, -12, -13, -10, -15]
[ -1,   0,   0,  -1,  -1,  -1,  -1,  -2,  -1,   0,   0,  -1,  -2,  -1,  -1,  -1,  -3,  -1,  -6,  -5,  -4,  -8,  -8,  -7,  -7, -10, -12, -13, -10, -11, -10, -11, -13, -11]
[  0,  -1,   0,   0,  -1,  -1,   0,  -1,  -2,  -1,  -1,   0,  -1,  -1,  -1,  -1,  -1,  -2,   0,  -6,  -5,  -4,  -8,  -7,  -7,  -7, -10, -12, -14, -10, -11,  -9, -12, -13]
[ -1,   0,  -1,  -1,   0,  -1,  -2,   0,  -2,  -3,  -1,  -1,   0,   0,  -1,  -1,  -2,  -2,  -3,   0,  -6,  -5,  -4,  -8,  -7,  -7,  -7,  -9, -11, -13, -10, -10,  -7, -11]
[  0,  -2,   0,  -1,  -1,   0,  -1,  -2,   0,  -2,  -3,  -1,  -1,  -4,   0,  -2,   0,  -2,  -4,  -3,   0,  -5,  -5,  -3,  -7,  -7,  -7,  -8,  -9, -11, -13,  -8, -11,  -8]
[ -1,   0,  -1,  -1,  -1,  -1,   0,  -1,  -2,   0,  -1,  -3,   0,  -1,  -5,   0,  -2,  -1,  -3,  -4,  -2,   0,  -5,  -5,  -4,  -7,  -6,  -7,  -9,  -9, -11, -12,  -9, -13]
[  0,  -1,   0,  -2,  -1,  -1,  -1,   0,  -1,  -2,   0,  -1,  -3,  -1,  -1,  -5,   0,  -2,  -1,  -4,  -4,  -2,   1,  -5,  -7,  -4,  -8,  -6,  -7,  -9,  -9,  -9, -12,  -9]
[ -1,   0,   0,   0,  -2,  -1,  -1,  -1,   0,  -1,  -2,   0,  -2,  -2,  -1,  -2,  -5,  -1,  -1,   0,  -3,  -3,  -2,   1,  -5,  -6,  -3,  -7,  -6,  -7,  -9,  -7, -10, -13]
[ -2,  -1,  -1,  -1,   0,  -2,   0,  -1,  -1,   0,  -1,  -1,   1,  -2,  -2,  -1,  -3,  -5,   0,  -1,  -1,  -3,  -3,  -1,   1,  -4,  -6,  -3,  -7,  -5,  -7,  -7,  -7, -10]
[  0,  -1,  -1,  -1,  -1,   0,  -2,   0,  -1,   0,   0,   0,  -1,   2,  -2,  -3,   0,  -2,  -5,   0,  -1,  -1,  -3,  -3,  -2,   1,  -5,  -6,  -3,  -8,  -5,  -5,  -9,  -8]
[ -1,  -1,  -1,   0,  -1,  -1,  -1,  -2,   0,  -1,  -1,   0,  -1,   0,   2,  -2,  -3,   0,  -2,  -4,   0,   0,  -1,  -3,  -3,  -2,   1,  -5,  -7,  -2,  -7,  -3,  -5,  -9]
[ -1,  -1,  -1,  -1,   0,   0,  -1,   0,  -1,   0,  -2,  -1,   1,  -1,   0,   1,  -1,  -3,   0,  -2,  -4,   0,  -1,  -1,  -4,  -3,  -1,   1,  -4,  -6,  -2,  -5,  -4,  -5]
[  0,  -1,  -1,  -1,  -1,   0,  -1,  -1,   0,  -2,   1,  -2,  -1,   1,   0,   0,   2,  -1,  -3,   0,  -2,  -4,   0,  -1,  -2,  -3,  -3,  -1,   2,  -4,  -6,  -1,  -6,  -5]
[  0,   1,  -1,  -2,  -1,  -1,   0,  -1,   0,  -2,  -3,   1,  -1,   0,   2,   0,   0,   0,  -1,  -3,   0,  -1,  -3,   0,   0,  -2,  -3,  -2,  -2,   2,  -4,  -4,  -2,  -7]
[  0,   0,   1,  -1,  -2,   0,   0,   1,  -1,   0,  -1,  -2,   1,  -1,   0,   1,   0,   1,   0,   0,  -3,  -1,  -2,  -3,  -1,  -1,  -2,  -3,  -2,  -2,   2,  -3,  -4,  -2]
[ -1,   0,   0,   0,   0,  -1,   0,  -1,   1,  -1,   0,  -1,  -2,   2,   0,  -1,  -1,   0,   1,   1,   0,  -3,  -1,  -2,  -3,   0,  -1,  -1,  -3,  -1,  -3,   3,  -3,  -5]
[  0,  -2,   0,   1,   0,   0,  -1,   0,  -3,   1,  -1,   1,  -1,  -2,   2,  -1,  -1,  -3,  -1,   0,   1,  -1,  -2,   0,  -1,  -2,  -1,  -1,  -2,  -3,  -1,  -1,   3,  -4]
[  0,   0,  -2,   1,   1,   1,   0,  -1,   1,  -4,   2,  -2,   1,  -1,  -2,   3,  -1,  -1,  -2,   0,   0,   2,  -1,  -2,   0,  -1,  -3,  -1,   0,  -1,  -2,   1,  -2,   3]
[  0,   0,   0,  -2,   1,   1,  -1,   0,  -2,   1,  -4,   2,  -2,   2,  -1,  -3,   2,  -1,  -1,  -2,   0,   0,   2,  -1,  -2,   0,  -2,  -2,  -2,   0,  -2,  -1,   1,  -2]
[  0,   0,   1,   1,  -2,   1,   2,  -1,   1,  -2,   1,  -4,   1,  -2,   2,  -3,  -2,   1,   0,  -1,  -2,   0,   0,   3,  -2,  -2,   0,  -2,  -2,  -2,  -2,   0,   0,   0]
[  0,   0,   1,   1,  -1,  -1,   2,   2,  -1,   0,  -2,   2,  -3,   2,  -3,   1,  -3,  -2,   2,   0,  -1,  -1,   0,   0,   3,  -3,  -1,   0,  -1,  -1,  -2,  -1,  -2,   0]
[  0,   0,   0,   1,   1,  -2,  -1,   1,   3,  -2,   0,  -1,   2,  -2,   1,  -2,   2,  -2,  -1,   1,  -1,  -1,  -1,   1,   1,   4,  -3,  -1,   0,  -2,  -2,   0,  -1,  -2]
[ -1,  -1,   0,   0,   1,   2,  -1,  -1,   2,   2,  -1,  -1,  -2,   2,  -2,   1,  -2,   2,  -2,  -2,   2,   0,  -1,   0,   1,   1,   2,  -3,   0,   1,  -1,   0,   0,  -1]
[ -1,   0,   0,   1,   0,   1,   2,  -3,   0,   2,   2,  -1,  -2,  -1,   2,  -3,   2,  -2,   1,  -2,  -1,   2,  -2,   0,  -1,   1,   1,   2,  -4,  -1,   1,   0,   0,   0]
[  0,  -1,   0,   0,   1,  -1,   0,   2,  -3,   0,   2,   3,   0,  -3,  -1,   2,  -2,   2,  -1,   2,  -1,  -1,   3,  -1,   0,  -3,   0,  -1,   1,  -3,   0,   1,  -1,  -1]
[  0,  -2,   0,   1,   0,   1,   0,  -1,   2,  -2,   0,   0,   3,   0,  -6,  -2,   2,  -2,   2,  -1,   1,   0,   0,   3,  -2,   1,  -3,   0,  -1,   1,  -3,  -1,   0,  -1]
[  0,   0,  -3,   0,   0,   1,   1,   0,  -1,   2,  -2,   0,   0,   4,   0,  -5,  -2,   3,  -2,   1,  -1,   2,  -1,  -1,   3,  -1,   1,  -3,   1,  -4,   1,  -2,  -1,  -1]
[ -1,   1,   0,  -2,   0,  -2,   1,   1,   1,  -1,   3,  -1,   0,   0,   4,  -1,  -5,  -1,   3,  -2,   2,   0,   2,  -2,   0,   3,  -2,   1,  -2,   1,  -3,   1,  -2,  -1]
[  0,   0,   0,   0,  -2,   1,  -1,   2,   1,   1,   0,   3,  -1,   1,   0,   3,   0,  -4,  -1,   2,  -1,   1,  -1,   3,  -3,  -2,   3,  -2,   1,  -1,   2,  -3,   2,  -2]
[ -1,   0,   0,   0,   0,  -2,   1,  -1,   1,   1,   2,   0,   4,   1,   1,  -1,   3,   0,  -4,  -2,   2,  -1,   0,  -1,   2,  -2,  -2,   4,  -2,   0,  -2,   2,  -4,   2]
[  0,  -1,   1,   1,   1,   0,  -2,   0,   0,   1,   0,   2,   0,   5,   0,  -1,  -1,   3,   1,  -3,  -2,   1,  -2,   1,  -1,   3,  -1,  -1,   1,  -2,  -2,  -1,   2,  -3]
[ -1,   0,  -1,   1,   1,   1,   0,  -1,   0,   0,   1,   0,   2,   0,   3,   0,   0,  -1,   3,   1,  -4,  -1,   1,  -2,   1,   0,   2,  -1,   0,   0,  -2,  -1,   0,   2]
[  0,  -2,   1,   0,   2,   2,   2,   1,  -1,   0,   1,   1,   0,   1,   0,   3,   1,   0,  -1,   3,   1,  -3,  -1,   1,  -2,   2,  -1,   3,  -1,  -1,   0,  -3,   0,  -2]
[ -1,   1,  -2,   1,   0,   2,   2,   1,   0,  -1,   0,   1,   2,   1,   1,  -1,   4,   0,   1,   0,   3,   1,  -4,  -1,  -1,  -2,   2,  -1,   4,   0,  -2,   1,  -3,   0]
[ -1,   0,   0,  -3,   2,   1,   3,   3,   2,   1,   0,  -1,   0,   1,   1,   2,   0,   4,   0,   0,  -1,   2,   1,  -3,  -1,  -2,  -2,   0,  -1,   3,   0,  -3,   2,  -3]
[  0,  -1,   0,   0,  -2,   1,   1,   3,   2,   2,   1,  -1,  -1,   0,   2,   0,   2,   0,   4,   1,  -1,   0,   2,   1,  -3,  -2,  -3,  -3,   0,  -1,   0,   1,  -3,  -1]
[ -1,   1,   0,   0,   0,  -3,   1,   1,   2,   1,   2,   1,  -1,  -1,   0,   1,   1,   2,   0,   3,   1,  -2,   0,   3,   1,  -2,  -3,  -4,  -2,   0,   0,   1,   2,  -3]
[  0,  -1,   1,   0,   1,   1,  -2,   2,   2,   3,   1,   2,   1,   0,   0,   0,   0,   1,   2,   1,   3,  -1,  -2,   0,   3,   0,  -1,  -5,  -3,  -1,   0,   0,   1,   2]
[  0,  -2,  -4,  -3,  -1,  -2,  -4,  -5,  -2,  -1,   2,   0,   0,   0,  -1,  -1,   0,  -1,  -2,   1,   2,   5,   4,   0,  -1,   1,   2,   0,  -1,  -6,  -9,  -9,  -7,  -3]

Column Sums of Difference Matrix:
[     -19]
[     -43]
[     -62]
[     -80]
[     -92]
[-1.1e+02]
[-1.3e+02]
[-1.5e+02]
[-1.7e+02]
[  -2e+02]
[-2.2e+02]
[-2.5e+02]
[-2.8e+02]
[-2.7e+02]
[  -3e+02]
[-3.5e+02]
[-3.7e+02]
[-3.9e+02]
[-4.2e+02]
[-4.7e+02]
[-4.9e+02]
[-4.9e+02]
[-5.2e+02]
[-5.2e+02]
[-5.5e+02]
[-5.7e+02]
[-6.1e+02]
[-6.4e+02]
[-6.6e+02]
[-6.9e+02]
[-7.2e+02]
[-6.8e+02]
[-7.4e+02]
[  -8e+02]

migration 
0 4 0 1 1 2 1 1 5 1 0 4 0 2 0 1 1 0 1 0 1 0 0 3 0 0 0 0 0 0 1 0 1 0
0 0 0 0 0 0 0 0 0 0 0 2 0 1 0 0 0 0 1 0 1 1 2 2 0 2 1 1 1 2 2 0 1 0
0 0 0 0 0 0 0 0 0 0 0 0 0 0 0 0 0 0 0 0 0 0 0 0 0 0 0 0 0 0 0 0 0 0
0 0 0 0 0 0 0 0 0 0 0 0 0 0 0 0 0 0 0 0 0 0 0 0 0 0 0 0 0 0 0 0 0 0
0 0 0 0 0 0 0 0 0 0 0 0 0 0 0 0 0 0 0 0 0 0 0 0 0 0 0 0 0 0 0 0 0 0
0 0 0 0 0 0 0 0 0 0 0 0 0 0 0 0 0 0 0 0 0 0 0 0 0 0 0 0 0 0 0 0 0 0
0 0 0 0 0 0 0 0 0 0 0 0 0 0 0 0 0 0 0 0 0 0 0 0 0 0 0 0 0 0 0 0 0 0
0 0 0 0 0 0 0 0 0 0 0 0 0 0 0 0 0 0 0 0 0 0 0 0 0 0 0 0 0 0 0 0 0 0
0 0 0 0 0 0 0 0 0 0 0 0 0 0 0 0 0 0 0 0 0 0 0 0 0 0 0 0 0 0 0 0 0 0
0 0 0 0 0 0 0 0 0 0 0 0 0 0 0 0 0 0 0 0 0 0 0 0 0 0 0 0 0 0 0 0 0 0
0 0 0 0 0 0 0 0 0 0 0 0 0 0 0 0 0 0 0 0 0 0 0 0 0 0 0 0 0 0 0 0 0 0
0 0 0 0 0 0 0 0 0 0 0 0 0 0 0 0 0 0 0 0 0 0 0 0 0 0 0 0 0 0 0 0 0 0
0 0 0 0 0 0 0 0 0 0 0 0 0 0 0 0 0 0 0 0 0 0 0 0 0 0 0 0 0 0 0 0 0 0
0 0 0 0 0 0 0 0 0 0 0 0 0 0 0 0 0 0 0 0 0 0 0 0 0 0 0 0 0 0 0 0 0 0
0 0 0 0 0 0 0 0 0 0 0 0 0 0 0 0 0 0 0 0 0 0 0 0 0 0 0 0 0 0 0 0 0 0
0 0 0 0 0 0 0 0 0 0 0 0 0 0 0 0 0 0 0 0 0 0 0 0 0 0 0 0 0 0 0 0 0 0
0 0 0 0 0 0 0 0 0 0 0 0 0 0 0 0 0 0 0 0 0 0 0 0 0 0 0 0 0 0 0 0 0 0
0 0 0 0 0 0 0 0 0 0 0 0 0 0 0 0 0 0 0 0 0 0 0 0 0 0 0 0 0 0 0 0 0 0
0 0 0 0 0 0 0 0 0 0 0 0 0 0 0 0 0 0 0 0 0 0 0 0 0 0 0 0 0 0 0 0 0 0
0 0 0 0 0 0 0 0 0 0 0 0 0 0 0 0 0 0 0 0 0 0 0 0 0 0 0 0 0 0 0 0 0 0
0 0 0 0 0 0 0 0 0 0 0 0 0 0 0 0 0 0 0 0 0 0 0 0 0 0 0 0 0 0 0 0 0 0
0 0 0 0 0 0 0 0 0 0 0 0 0 0 0 0 0 0 0 0 0 0 0 0 0 0 0 0 0 0 0 0 0 0
0 0 0 0 0 0 0 0 0 0 0 0 0 0 0 1 0 0 0 0 0 0 0 0 0 0 0 0 0 0 0 0 0 0
0 0 0 0 0 0 0 0 0 0 0 0 0 0 0 0 0 0 0 0 0 0 0 0 0 0 0 0 0 0 0 0 0 0
0 0 0 0 0 0 0 0 0 0 0 0 0 0 0 0 0 0 0 1 0 0 0 0 0 0 0 0 0 0 0 0 0 0
0 0 0 0 0 0 0 0 0 0 0 0 0 0 0 0 0 0 0 0 0 0 0 0 0 0 0 0 0 0 0 0 0 0
0 0 0 0 0 0 0 0 0 0 0 0 0 0 0 0 0 0 0 0 0 0 0 0 0 0 0 0 0 0 0 0 0 0
0 0 0 0 0 0 0 0 0 0 0 0 0 0 0 0 0 0 0 0 0 0 0 0 0 0 0 0 0 0 0 0 0 0
0 0 0 0 0 0 0 0 0 0 0 0 0 0 0 0 0 0 0 0 0 0 0 0 0 0 0 0 0 0 0 0 0 0
0 0 0 0 0 0 0 0 0 0 0 0 0 0 0 0 0 0 0 0 0 0 0 0 0 0 0 0 0 0 0 0 0 0
0 0 0 0 0 0 0 0 0 0 0 0 0 0 0 0 0 0 0 0 0 0 0 0 0 0 0 0 0 0 0 0 0 0
0 0 0 0 0 0 0 0 0 0 0 0 0 0 0 0 0 0 0 0 0 0 0 0 0 0 0 0 0 0 0 0 0 0
0 0 0 0 0 0 0 0 0 0 0 0 0 0 0 0 0 0 0 0 0 0 0 0 0 0 0 0 0 0 0 0 0 0
0 0 0 0 0 0 0 0 0 0 0 0 0 0 0 0 0 0 0 0 0 0 0 0 0 0 0 0 0 0 0 0 0 0
0 0 0 0 0 0 0 0 0 0 0 0 0 0 0 0 0 0 0 0 0 0 0 0 0 0 0 0 0 0 0 0 0 0
0 0 0 0 0 0 0 0 0 0 0 0 0 0 0 0 0 0 0 0 0 0 0 0 0 0 0 0 0 0 0 0 0 0
0 0 0 0 0 0 0 0 0 0 0 0 0 0 0 0 0 0 0 0 0 0 0 0 0 0 0 0 0 0 0 0 0 0
0 0 0 0 0 0 0 0 0 0 0 0 0 0 0 0 0 0 0 0 0 0 0 0 0 0 0 0 0 0 0 0 0 0
0 0 0 0 0 0 0 0 0 0 0 0 0 0 0 0 0 0 0 0 0 0 0 0 0 0 0 0 0 0 0 0 0 0
0 0 0 0 0 0 0 0 0 0 0 0 0 0 0 0 0 0 0 0 0 0 0 0 0 0 0 0 0 0 0 0 0 0
0 0 0 0 0 0 0 0 0 0 0 0 0 0 0 0 0 0 0 0 0 0 0 0 0 0 0 0 0 0 0 0 0 0
0 0 0 0 0 0 0 0 0 0 0 0 0 0 0 0 0 0 0 0 0 0 0 0 0 0 0 0 0 0 0 0 0 0
0 0 0 0 0 0 0 0 0 0 0 0 0 0 0 0 0 0 0 0 0 0 0 0 0 0 0 0 0 0 0 0 0 0
0 0 0 0 0 0 0 0 0 0 0 0 0 0 0 0 0 0 0 0 0 0 0 0 0 0 0 0 0 0 0 0 0 0
0 0 0 0 0 0 0 0 0 0 0 0 0 0 0 0 0 0 0 0 0 0 0 0 0 0 0 0 0 0 0 0 0 0
0 0 0 0 0 0 0 0 0 0 0 0 0 0 0 0 0 0 0 0 0 0 0 0 0 0 0 0 0 0 0 0 0 0
0 0 0 0 0 0 0 0 0 0 0 0 0 0 0 0 0 0 0 0 0 0 0 0 0 0 0 0 0 0 0 0 0 0
0 0 0 0 0 0 0 0 0 0 0 0 0 0 0 0 0 0 0 0 0 0 0 0 0 0 0 0 0 0 0 0 1 0
0 0 0 0 0 0 0 0 0 0 0 0 0 0 0 0 0 0 0 0 0 0 0 0 0 0 0 0 0 0 0 0 1 0
0 0 0 0 0 0 0 0 0 0 0 0 0 0 0 0 0 0 0 0 0 0 0 0 0 0 0 0 0 0 0 0 0 1
0 0 0 0 0 0 0 0 0 0 0 0 0 0 0 0 0 0 0 0 0 0 0 0 0 0 0 0 0 0 0 0 2 1
0 0 0 0 0 0 0 0 0 0 0 0 0 0 0 0 0 0 0 0 0 0 0 0 0 0 0 0 0 0 0 0 0 0
0 0 0 0 0 0 0 0 0 0 0 0 0 0 0 0 0 0 0 0 0 0 0 0 0 0 0 0 0 0 0 0 0 0
0 0 0 0 0 0 0 0 0 0 0 0 0 0 0 0 0 0 0 0 0 0 0 0 0 0 0 0 0 0 0 0 0 0
0 0 0 0 0 0 0 0 0 0 0 0 0 0 0 0 0 0 0 0 0 0 0 0 0 0 0 0 0 0 0 0 0 0
0 0 0 0 0 0 0 0 0 0 0 0 0 0 0 0 0 0 0 0 0 0 0 0 0 0 0 0 0 0 0 0 0 0
0 0 0 0 0 0 0 0 0 0 0 0 0 0 0 0 0 0 0 0 0 0 0 0 0 0 0 0 0 0 0 0 0 0
0 0 0 0 0 0 0 0 0 0 0 0 0 0 0 0 0 0 0 0 0 0 0 0 0 0 0 0 0 0 0 0 0 0
0 0 0 0 0 0 0 0 0 0 0 0 0 0 0 0 0 0 0 0 0 0 0 0 0 0 0 0 0 0 0 0 0 0
0 0 0 0 0 0 0 0 0 0 0 0 0 0 0 0 0 0 0 0 0 0 0 0 0 0 0 0 0 0 0 0 0 0
0 0 0 0 0 0 0 0 0 0 0 0 0 0 0 0 0 0 0 0 0 0 0 0 0 0 0 0 0 0 0 0 0 0
0 0 0 0 0 0 0 0 0 0 0 0 0 0 0 0 0 0 0 0 0 0 0 0 0 0 0 0 0 0 0 0 0 0
0 0 0 0 0 0 0 0 0 0 0 0 0 0 0 0 0 0 0 0 0 0 0 0 0 0 0 0 0 0 0 0 0 0
0 0 0 0 0 0 0 0 0 0 0 0 0 0 0 0 0 0 0 0 0 0 0 0 0 0 0 0 0 0 0 0 0 0
0 0 0 0 0 0 0 0 0 0 0 0 0 0 0 0 0 0 0 0 0 0 0 0 0 0 0 0 0 0 0 0 0 0
0 0 0 0 0 0 0 0 0 0 0 0 0 0 0 0 0 0 0 0 0 0 0 0 0 0 0 0 0 0 0 0 0 0
0 0 0 0 0 0 0 0 0 0 0 0 0 0 0 0 0 0 0 0 0 0 0 0 0 0 0 0 0 0 0 0 0 0
0 0 0 0 0 0 0 0 0 0 0 0 0 0 0 0 0 0 0 0 0 0 0 0 0 0 0 0 0 0 0 0 0 0
0 0 0 0 0 0 0 0 0 0 0 0 0 0 0 0 0 0 0 0 0 0 0 0 0 0 0 0 0 0 0 0 0 0
0 0 0 0 0 0 0 0 0 0 0 0 0 0 0 0 0 0 0 0 0 0 0 0 0 0 0 0 0 0 0 0 0 0
0 0 0 0 0 0 0 0 0 0 0 0 0 0 0 0 0 0 0 0 0 0 0 0 0 0 0 0 0 0 0 0 0 0
0 0 0 0 0 0 0 0 0 0 0 0 0 0 0 0 0 0 0 0 0 0 0 0 0 0 0 0 0 0 0 0 0 0
0 0 0 0 0 0 0 0 0 0 0 0 0 0 0 0 0 0 0 0 0 0 0 0 0 0 0 0 0 0 0 0 0 0
0 0 0 0 0 0 0 0 0 0 0 0 0 0 0 0 0 0 0 0 0 0 0 0 0 0 0 0 0 0 0 0 0 0
0 0 0 0 0 0 0 0 0 0 0 0 0 0 0 0 0 0 0 0 0 0 0 0 0 0 0 0 0 0 0 0 0 0
0 0 0 0 0 0 0 0 0 0 0 0 0 0 0 0 0 0 0 0 0 0 0 0 0 0 0 0 0 0 0 0 0 0
0 0 0 0 0 0 0 0 0 0 0 0 0 0 0 0 0 0 0 0 0 0 0 0 0 0 0 0 0 0 0 0 0 0
0 0 0 0 0 0 0 0 0 0 0 0 0 0 0 0 0 0 0 0 0 0 0 0 0 0 0 0 0 0 0 0 0 0
0 0 0 0 0 0 0 0 0 0 0 0 0 0 0 0 0 0 0 0 0 0 0 0 0 0 0 0 0 0 0 0 0 0
0 0 0 0 0 0 0 0 0 0 0 0 0 0 0 0 0 0 0 0 0 0 0 0 0 0 0 0 0 0 0 0 0 0
0 0 0 0 0 0 0 0 0 0 0 0 0 0 0 0 0 0 0 0 0 0 0 0 0 0 0 0 0 0 0 0 0 0
0 0 0 0 0 0 0 0 0 0 0 0 0 0 0 0 0 0 0 0 0 0 0 0 0 0 0 0 0 0 0 0 0 0
0 0 0 0 0 0 0 0 0 0 0 0 0 0 0 0 0 0 0 0 0 0 0 0 0 0 0 0 0 0 0 0 0 0
0 0 0 0 0 0 0 0 0 0 0 0 0 0 0 0 0 0 0 0 0 0 0 0 0 0 0 0 0 0 0 0 0 0
0 0 0 0 0 0 0 0 0 0 0 0 0 0 0 0 0 0 0 0 0 0 0 0 0 0 0 0 0 0 0 0 0 0
0 0 0 0 0 0 0 0 0 0 0 0 0 0 0 0 0 0 0 0 0 0 0 0 0 0 0 0 0 0 0 0 0 0
