true Matrix:
42 45 42 44 44 43 42 41 40 36 37 38 32 32 29 30 30 31 32 30 29 28 30 31 28 30 30 28 27 27 27 26 26 24
48 42 46 43 44 44 44 43 42 41 37 39 40 34 34 31 32 32 32 34 32 31 30 33 34 31 33 33 31 29 29 30 28 28
42 48 42 46 43 45 45 44 43 42 41 38 40 40 34 34 32 32 32 33 34 33 32 31 34 35 32 34 34 32 30 30 31 29
34 43 48 43 47 44 45 45 45 44 43 42 38 40 40 35 34 32 33 33 33 35 33 33 31 34 35 33 35 34 32 30 31 32
36 35 43 49 43 47 44 46 46 45 44 43 42 38 40 41 35 34 32 33 33 33 35 34 33 32 35 36 33 35 34 32 31 32
38 37 35 43 49 44 47 44 46 46 45 44 43 41 38 40 41 35 35 33 33 33 34 35 34 33 32 35 36 33 35 34 33 32
36 39 37 35 44 49 44 47 45 46 46 46 45 43 42 38 40 41 35 35 33 34 34 34 36 34 34 33 35 37 33 35 35 34
39 37 39 37 35 44 50 44 48 45 47 47 46 45 44 42 38 41 42 36 35 33 34 34 34 36 35 34 33 36 37 33 36 36
39 40 37 39 37 36 44 50 45 48 45 46 47 46 45 44 43 39 41 42 36 35 33 34 34 34 36 35 34 33 36 36 34 36
40 40 40 37 39 37 36 44 50 45 48 45 47 46 46 45 44 43 39 41 42 36 35 33 34 34 34 36 35 34 33 35 37 34
40 40 40 40 37 39 37 36 44 50 45 48 45 46 46 46 45 44 43 39 41 42 36 36 33 34 34 34 36 35 34 32 36 38
40 40 40 40 40 37 39 38 36 44 51 45 48 45 46 47 46 45 44 43 39 41 42 36 36 33 34 34 34 36 35 34 33 36
38 40 40 40 40 40 37 40 38 36 44 51 45 48 45 46 47 46 46 45 43 39 41 42 36 36 33 34 34 35 36 34 34 33
42 38 40 40 40 40 40 37 40 38 36 45 51 45 48 45 46 47 46 46 45 43 39 41 42 36 36 33 34 35 35 36 35 35
40 42 38 40 40 40 40 40 37 40 38 36 45 50 45 48 45 46 47 47 46 45 43 39 41 42 36 36 33 34 35 34 36 36
41 40 42 38 40 40 40 40 40 37 40 38 36 44 50 45 48 45 47 47 47 46 45 43 39 41 42 36 36 34 34 34 35 37
45 41 40 42 38 40 40 40 40 40 37 40 38 36 44 50 45 48 45 47 47 47 46 45 43 39 41 42 36 36 34 34 35 35
48 45 41 40 42 38 40 40 40 40 40 37 40 38 36 44 50 45 48 46 47 47 47 46 45 43 39 41 42 36 36 33 34 35
46 48 45 41 40 42 38 40 40 40 40 40 37 39 37 36 44 50 45 48 45 47 47 47 46 45 43 39 42 43 37 36 34 35
44 46 48 45 41 40 42 38 40 40 40 40 40 37 39 37 36 44 50 45 48 45 47 47 47 46 45 43 40 42 43 37 37 34
42 45 46 48 45 41 40 42 38 40 40 40 40 39 37 39 38 36 44 50 45 48 45 47 47 47 46 45 43 40 42 43 37 37
42 43 45 47 49 45 41 41 42 38 41 40 40 39 39 37 39 38 36 45 50 45 48 45 47 47 47 46 45 43 40 42 43 37
45 43 44 46 48 49 46 42 41 43 39 41 41 39 40 41 38 40 38 37 45 50 45 48 45 47 47 46 46 45 43 39 42 43
47 46 44 45 47 48 50 47 43 42 44 40 43 41 41 42 42 39 41 39 37 45 51 45 48 45 47 47 47 46 45 43 39 42
51 48 48 45 46 48 50 51 48 44 43 46 42 43 42 43 43 43 40 43 41 38 46 51 46 49 46 47 47 47 46 44 43 40
52 52 49 49 46 47 49 50 52 49 45 45 48 43 44 44 44 45 45 43 44 41 39 47 53 47 50 47 48 49 48 47 46 44
55 53 53 50 50 47 48 50 51 53 50 46 47 48 43 45 45 45 46 47 44 45 42 40 48 54 49 52 48 50 50 49 49 47
55 56 54 54 51 51 48 49 51 52 54 51 48 47 49 44 46 46 47 49 48 44 45 43 41 50 56 50 53 50 51 51 51 50
56 56 57 55 55 51 51 48 49 52 53 55 52 48 47 49 45 47 47 49 50 48 45 47 44 42 51 57 51 55 51 52 53 52
58 57 57 57 56 55 52 52 49 50 52 53 56 52 48 48 50 46 49 49 49 50 49 46 48 45 43 52 58 53 56 51 54 54
59 59 57 57 58 56 56 53 53 50 51 53 54 55 52 49 49 51 47 50 50 49 51 50 46 48 46 44 53 60 54 56 53 55
60 59 59 58 58 59 57 57 53 53 50 51 54 54 56 53 50 49 52 49 51 50 50 51 51 47 49 47 45 54 60 53 57 55
59 61 60 60 58 59 59 58 58 54 54 51 52 53 54 56 53 50 50 53 49 51 50 51 52 51 47 50 48 46 55 60 55 59
60 59 61 60 60 59 59 60 59 58 55 54 51 51 53 54 57 54 51 51 54 49 51 50 51 52 52 48 50 48 46 54 62 56
57 61 59 61 60 61 59 60 61 59 59 55 55 50 51 54 55 57 54 52 52 54 49 51 51 51 52 52 48 51 49 46 56 63
56 58 61 60 61 61 61 60 61 61 60 59 55 54 51 51 54 55 58 55 52 52 54 49 51 51 51 53 52 49 51 48 47 57
56 56 58 61 60 62 61 61 60 61 62 60 59 54 54 51 52 54 56 58 55 52 52 54 50 52 51 51 53 53 49 50 49 48
52 56 57 58 61 60 62 61 62 60 62 62 60 58 54 54 51 52 55 56 58 55 52 52 54 50 52 51 52 53 53 48 52 50
50 53 56 57 58 62 61 62 62 62 61 62 62 59 59 54 54 51 52 55 56 58 55 52 52 54 50 52 52 52 53 52 49 53
48 50 53 57 57 59 62 61 62 62 62 61 62 61 59 59 54 54 51 52 55 56 58 55 52 52 54 50 52 52 52 52 53 50
48 48 50 53 57 57 59 62 61 62 62 62 61 61 61 59 59 54 55 52 52 55 56 58 55 52 52 54 50 52 52 51 53 54
47 48 48 51 53 57 57 59 62 61 62 62 62 60 61 61 59 59 54 55 52 52 55 56 58 55 52 52 54 50 52 50 52 54
44 47 48 48 51 53 57 57 59 62 61 62 62 61 60 61 61 59 59 55 55 52 52 55 56 58 55 52 52 54 50 51 51 53
44 44 47 48 48 51 53 57 57 59 62 61 62 61 61 60 61 61 59 59 55 55 52 52 55 56 58 55 52 52 54 48 52 52
30 44 44 47 48 48 51 53 57 57 59 62 61 61 61 61 60 61 61 59 59 54 55 51 52 55 56 58 55 52 52 52 49 52
23 30 44 44 47 48 48 51 53 57 57 59 62 60 61 61 61 60 61 61 59 59 54 54 51 52 55 56 58 55 51 50 53 50
29 23 30 44 44 47 48 48 50 53 57 57 59 61 60 61 61 60 59 61 61 59 59 54 54 51 52 55 56 58 55 50 51 54
25 29 23 30 44 44 47 48 48 50 53 57 57 58 61 60 61 60 60 59 61 61 59 58 54 54 51 52 55 56 57 53 51 52
25 25 29 23 30 44 44 47 48 48 50 53 57 56 58 60 60 61 60 60 59 60 61 58 58 54 54 51 51 54 55 56 54 51
29 25 25 29 23 30 43 44 47 48 48 50 53 56 56 57 60 59 60 60 60 59 60 60 58 58 54 54 51 51 54 54 57 55
29 29 25 25 29 23 30 43 44 47 48 48 50 51 56 56 57 60 59 60 60 60 59 60 60 58 57 53 53 50 51 52 54 57
27 29 29 25 25 29 23 30 43 44 47 48 48 49 51 55 55 57 59 59 60 59 59 58 59 60 58 57 53 53 50 49 53 55
23 27 28 29 25 25 28 23 30 43 43 46 47 46 49 51 55 55 57 59 58 60 59 59 58 59 59 57 57 53 53 49 50 54
19 23 27 28 29 25 25 28 23 30 43 43 46 46 46 48 51 55 55 57 59 58 59 59 59 58 59 59 57 57 53 51 49 50
20 19 22 27 28 29 25 25 28 23 30 43 43 45 46 46 48 51 54 54 56 58 58 59 59 58 57 58 59 57 56 51 52 50
22 20 19 22 27 28 28 25 25 28 23 29 42 42 45 46 46 48 50 54 54 56 58 57 59 58 58 57 58 58 57 54 51 52
19 21 20 19 22 27 28 28 24 24 28 22 29 41 42 45 45 45 48 50 54 54 55 58 57 58 58 58 57 58 58 55 55 52
18 19 21 19 19 22 27 28 28 24 24 28 22 28 41 42 44 45 45 47 50 53 53 55 57 57 58 58 58 56 57 56 55 55
17 18 19 21 19 18 22 26 27 28 24 24 27 22 28 41 41 44 45 45 47 50 53 53 55 57 56 58 57 57 56 55 56 55
17 17 18 19 21 19 18 22 26 27 27 24 24 27 21 28 40 41 44 45 45 47 49 53 53 54 57 56 57 57 57 54 56 57
16 16 17 18 19 21 19 18 21 26 27 27 23 23 26 21 28 40 41 43 44 44 46 49 52 52 54 56 56 57 56 55 55 56
15 16 16 17 18 18 20 18 18 21 25 26 27 23 23 26 21 27 40 40 43 44 44 46 49 52 52 53 56 55 57 55 55 55
14 15 16 16 16 17 18 20 18 18 21 25 26 26 22 23 26 21 27 39 40 43 44 44 46 48 51 51 53 55 55 55 55 56
13 14 15 15 16 16 17 18 20 18 17 20 25 25 26 22 22 26 21 27 39 39 42 43 43 45 48 51 51 53 55 53 55 55
12 13 14 14 15 15 16 17 17 19 17 17 20 24 25 25 22 22 25 20 27 38 39 42 43 43 45 47 50 50 52 53 53 55
11 12 13 13 14 15 15 16 16 17 19 17 17 19 24 25 25 22 22 25 20 26 38 38 41 42 42 44 47 50 50 51 53 53
10 11 11 12 13 14 14 15 15 16 17 19 17 16 19 23 24 25 21 22 25 20 26 37 38 41 42 42 44 46 49 48 50 53
10 10 10 11 12 12 13 14 14 15 16 16 18 16 16 19 23 24 24 21 21 24 20 26 37 37 40 41 41 43 46 48 48 50
 9  9 10 10 11 12 12 13 13 14 15 15 16 17 16 15 18 22 23 24 21 21 24 19 25 36 37 40 41 41 43 44 48 48
 9  9  9  9 10 10 11 12 12 13 13 14 15 15 17 16 15 18 22 23 23 20 21 23 19 25 36 36 39 40 40 41 44 47
 8  8  8  8  9  9 10 11 11 12 13 13 14 14 15 17 15 15 18 22 22 23 20 20 23 19 24 35 36 39 39 39 41 44
 7  8  8  8  8  9  9 10 11 11 12 12 12 13 13 14 16 15 14 17 21 22 22 19 20 23 18 24 35 35 38 38 39 41
 7  7  7  7  8  8  8  9  9 10 10 11 12 12 13 13 14 16 14 14 17 20 21 22 19 19 22 18 23 34 34 37 38 38
 7  7  7  7  7  7  7  8  8  9 10 10 11 11 11 12 13 13 15 14 14 16 20 21 21 18 19 22 17 23 33 33 36 37
 7  6  6  6  7  7  7  7  7  8  8  9 10 10 10 11 12 12 13 15 13 13 16 19 20 21 18 18 21 17 22 32 32 36
 6  6  6  6  6  6  6  6  6  7  7  8  9  8  9 10 10 11 12 12 14 13 13 15 19 20 20 17 18 20 16 21 31 32
 6  6  6  6  5  5  6  6  6  6  6  7  7  7  8  9 10 10 11 11 12 13 13 12 15 18 19 19 17 17 20 16 21 30
 5  5  5  5  5  5  5  5  5  5  5  6  6  6  7  8  9  9  9 10 11 11 13 12 12 14 17 18 19 16 17 19 15 20
 5  5  5  5  5  5  5  4  5  5  5  5  6  5  6  7  7  8  8  9 10 10 11 12 12 11 14 17 17 18 15 16 18 15
 5  4  4  4  4  4  4  4  4  4  4  5  5  5  5  6  6  7  8  8  8  9 10 10 12 11 11 13 16 17 17 15 15 18
 4  4  4  4  4  4  4  4  4  4  4  4  4  4  5  5  5  6  6  7  8  8  9  9 10 11 10 10 12 15 16 16 14 15
 3  3  4  4  3  3  3  3  3  3  3  4  4  4  4  4  4  5  6  6  7  7  7  8  8  9 10 10 10 12 14 15 15 13
 3  3  3  3  3  3  3  3  3  3  3  3  3  3  3  4  4  4  4  5  5  6  7  7  8  8  8 10  9  9 11 13 14 15
 2  2  2  3  3  3  3  3  3  3  3  3  3  3  3  3  3  3  4  4  5  5  6  6  6  7  7  8  9  9  8 10 12 13
 1  2  2  2  2  2  2  2  2  2  2  2  2  2  2  3  3  3  3  3  4  4  5  5  5  6  6  7  7  8  8  8 10 12
 6  7  8  9  9 10 11 11 12 12 12 13 13 13 14 14 15 16 16 17 18 20 21 23 25 27 29 32 34 37 40 43 44 47

