true Matrix:
38 42 40 40 41 40 39 38 37 33 34 35 30 30 28 28 29 29 30 28 27 26 28 29 27 29 28 27 26 26 27 24 24 22
45 38 43 41 41 42 40 40 39 38 34 36 37 32 32 29 30 30 31 32 30 30 29 31 32 30 31 31 29 28 29 29 26 26
39 45 39 43 41 41 42 41 41 39 39 35 37 37 32 32 30 31 31 31 33 31 31 29 31 32 31 33 32 30 29 29 30 27
31 40 45 39 43 42 42 43 41 41 40 39 35 37 38 32 33 30 31 31 32 33 32 31 30 32 33 31 33 32 31 29 30 30
33 32 40 46 40 44 42 42 43 42 41 40 39 35 37 38 33 33 30 32 32 32 33 32 32 30 32 33 32 34 33 31 30 30
35 33 32 40 46 40 44 42 43 44 42 42 40 39 35 37 38 33 33 31 32 32 32 34 32 32 30 33 34 32 34 32 32 31
34 35 34 32 40 46 40 44 42 43 44 42 42 40 39 35 37 39 33 34 31 32 32 32 34 33 33 31 33 34 32 33 33 32
36 34 36 34 32 41 47 41 45 43 43 44 43 42 41 40 36 38 39 34 34 31 32 32 32 34 33 33 31 33 34 32 34 34
36 36 34 36 34 33 41 47 41 45 43 43 44 43 42 41 40 36 38 39 34 34 31 32 32 32 34 33 33 31 33 33 32 35
37 36 37 34 36 34 33 41 47 41 45 43 43 44 43 42 41 40 36 38 39 34 34 31 32 32 33 34 33 33 31 33 34 33
36 38 36 37 34 36 34 33 41 47 42 45 43 43 44 43 42 41 40 36 38 39 34 34 31 33 32 33 34 33 33 30 33 35
37 37 38 36 37 34 36 34 33 41 47 42 45 43 43 44 43 43 41 41 36 38 39 34 34 31 33 33 33 35 33 32 31 34
36 37 37 38 37 37 34 36 35 33 41 47 42 45 43 43 44 43 43 42 41 37 38 40 34 34 31 33 33 33 35 32 33 31
39 36 37 37 38 37 37 34 37 35 33 42 48 41 45 43 43 44 44 44 42 41 37 38 40 34 34 32 33 33 33 34 33 34
38 39 36 37 37 38 37 37 35 37 35 33 42 47 41 45 43 43 45 44 44 42 41 37 38 40 34 34 32 33 33 32 35 34
38 38 39 36 38 37 38 37 37 35 37 35 33 41 47 42 45 43 44 45 44 44 42 41 37 39 40 34 34 32 33 32 33 35
42 38 38 39 36 38 37 38 37 37 35 37 35 33 41 47 42 45 44 44 46 44 44 42 41 37 39 40 34 35 32 32 33 34
45 42 38 38 39 36 38 37 38 37 37 35 37 35 33 41 48 42 46 44 44 46 44 44 42 41 37 39 40 35 35 31 33 33
43 45 42 38 38 39 36 38 37 38 37 37 35 37 35 33 42 48 43 47 45 44 46 44 44 42 41 37 39 41 35 34 32 34
42 43 45 43 39 38 40 36 38 37 38 37 38 35 36 35 33 42 49 43 47 45 45 46 44 44 42 41 37 39 41 35 35 33
40 43 44 46 43 39 39 40 37 38 38 39 38 37 35 37 35 33 43 50 44 47 45 45 46 44 44 42 41 37 39 40 35 35
41 42 45 46 47 45 41 40 42 38 39 39 40 38 38 35 37 36 34 43 50 44 47 45 45 46 44 44 42 41 37 38 40 35
44 42 44 47 47 49 46 42 41 43 39 41 40 40 39 39 36 38 37 36 44 50 44 47 45 45 46 44 44 43 42 36 39 41
45 45 44 46 48 49 51 48 44 43 45 41 43 42 42 41 41 38 40 39 37 45 51 45 48 45 45 46 45 45 43 41 37 40
50 47 47 46 47 50 51 52 50 45 45 47 44 45 43 43 43 43 41 43 41 38 46 52 46 49 46 46 47 46 46 43 42 38
50 51 48 49 48 49 52 52 54 51 47 47 50 46 46 45 45 45 46 44 45 42 40 48 54 48 50 48 48 49 47 46 45 44
54 52 53 50 51 49 50 53 54 56 53 49 50 52 47 48 47 48 48 50 46 46 43 42 50 56 49 53 50 50 50 48 48 47
53 55 53 54 51 52 51 52 55 55 57 55 51 51 53 48 50 49 50 52 51 46 48 45 44 52 58 52 55 52 51 51 51 51
54 55 56 54 55 52 53 52 53 56 56 59 56 52 52 54 50 51 51 53 53 52 48 50 47 46 54 61 53 57 54 52 54 53
56 55 56 57 55 56 53 54 54 54 57 58 60 56 53 52 56 51 53 53 54 54 53 50 51 49 47 56 62 55 58 54 55 57
57 57 56 56 58 56 57 54 56 55 55 58 59 60 57 53 54 57 52 56 54 54 55 54 51 53 50 49 57 64 56 58 57 57
58 57 57 57 57 59 57 58 55 56 55 56 59 59 61 58 54 54 58 54 56 55 55 56 55 52 54 51 50 58 65 56 61 59
57 58 58 58 58 58 59 57 59 56 57 56 57 58 59 61 59 55 55 59 55 56 55 56 56 56 52 55 52 50 59 64 58 62
58 58 59 59 59 58 59 60 58 59 56 58 57 56 59 59 62 59 56 56 60 55 57 56 56 57 57 53 55 53 51 58 66 60
56 58 58 59 59 59 59 59 61 59 60 57 58 55 56 59 60 62 60 57 57 60 55 57 56 57 58 57 54 56 53 50 60 68
54 56 59 59 60 59 59 59 60 61 59 60 57 57 56 56 59 60 62 61 57 57 60 55 58 57 57 58 58 54 56 52 52 62
52 55 57 59 59 60 60 60 60 60 62 59 61 56 57 56 57 60 60 64 61 57 57 61 56 58 57 58 58 58 54 55 54 54
50 53 55 57 60 59 60 60 60 60 61 62 60 59 56 58 56 57 60 61 64 61 58 57 61 56 58 57 58 59 58 53 56 55
48 51 53 55 57 60 60 61 60 61 60 61 63 59 60 56 58 56 57 61 62 64 61 57 57 61 56 58 57 58 59 56 54 58
46 48 51 53 56 58 60 60 61 61 61 61 61 61 59 60 56 58 56 58 61 62 64 61 58 57 61 56 58 57 58 57 58 56
46 46 49 51 54 56 58 60 60 61 61 61 61 60 61 59 60 56 58 57 58 61 62 64 61 58 57 61 56 58 57 56 58 59
45 46 46 49 51 54 56 58 61 60 61 61 61 59 60 61 59 60 56 58 57 58 61 62 64 61 58 58 61 56 58 55 57 60
43 45 47 46 49 51 54 56 58 61 60 61 61 60 59 60 61 59 60 57 58 57 58 61 62 64 61 58 58 61 56 56 57 59
43 43 45 47 46 49 51 54 56 58 61 60 61 60 59 59 60 61 59 60 57 58 57 58 61 61 64 61 58 58 61 54 58 58
29 43 43 45 47 47 49 52 54 56 58 61 60 60 60 59 59 60 61 59 60 57 58 57 58 61 61 64 61 58 57 59 55 59
23 29 43 43 45 47 47 49 52 54 57 58 61 59 60 60 59 59 60 61 59 60 57 58 57 57 61 61 64 61 57 56 60 56
28 23 29 43 43 45 47 47 49 52 54 56 58 60 59 60 60 59 59 60 61 59 60 56 58 57 57 61 61 64 61 55 57 61
24 28 23 29 43 43 46 47 47 49 52 54 56 57 60 59 60 60 59 59 60 61 59 60 56 58 57 57 61 61 63 59 56 58
25 24 28 23 30 43 43 46 47 47 49 52 54 55 57 60 59 60 59 59 59 60 61 59 59 56 58 57 57 60 61 61 60 58
29 25 24 28 23 30 43 44 46 47 47 49 51 53 55 57 59 59 60 59 59 59 60 61 58 59 56 57 57 57 60 59 62 61
29 29 25 24 28 23 30 43 44 46 47 46 49 50 53 55 57 59 59 60 59 59 59 60 61 58 59 56 57 56 57 58 60 63
28 29 29 25 24 28 23 29 43 43 46 47 46 48 50 53 55 57 59 59 59 59 59 58 59 60 58 59 56 57 56 55 59 61
22 28 29 29 25 24 28 23 29 43 43 45 47 45 48 50 53 55 57 59 58 59 59 58 58 59 60 58 59 55 57 54 56 60
18 22 28 29 29 25 24 28 23 29 43 43 45 46 45 48 50 53 55 57 59 58 59 59 58 58 59 60 58 59 55 55 55 56
19 18 22 28 29 29 25 24 28 23 29 43 43 44 46 45 48 50 53 55 56 58 58 59 59 58 58 59 60 58 58 53 56 56
22 19 18 22 28 29 29 25 24 28 23 29 43 42 44 46 45 48 49 52 54 56 58 58 59 58 58 58 59 60 57 57 54 56
20 22 19 18 22 28 29 29 25 24 28 23 29 42 42 44 45 45 47 49 52 54 56 58 58 58 58 58 58 58 59 56 57 55
19 20 22 19 18 22 28 29 29 25 24 28 23 28 42 42 44 45 45 47 49 52 54 56 58 58 58 58 57 57 58 57 56 58
18 19 20 22 18 18 22 28 29 29 25 24 28 22 28 41 42 44 45 45 47 49 52 54 55 58 57 58 58 57 57 56 58 57
18 18 19 20 22 18 18 22 28 28 29 25 24 27 22 28 41 42 43 45 45 47 49 51 53 55 57 57 58 57 57 56 57 59
18 17 18 19 20 22 18 18 22 27 28 29 25 23 27 22 28 41 42 43 45 44 47 49 51 53 55 57 57 58 57 55 56 57
18 17 17 18 19 20 22 18 18 22 27 28 29 24 23 27 22 28 41 42 43 45 44 47 48 51 53 55 57 57 57 56 56 56
17 17 17 17 18 18 19 21 18 18 21 27 28 28 24 23 27 22 28 41 41 43 44 44 46 48 51 53 55 57 56 56 56 56
16 17 17 17 17 18 18 19 21 18 18 21 27 27 28 24 23 27 22 28 41 41 43 44 44 46 48 51 52 54 56 55 56 56
14 16 17 17 17 17 18 18 19 21 18 17 21 26 27 28 24 23 27 22 28 40 41 43 44 44 46 48 50 52 54 55 55 56
13 14 16 16 17 17 17 17 18 19 21 18 17 21 26 27 28 23 23 27 21 28 40 41 42 44 43 46 48 50 52 53 55 55
12 12 14 15 16 17 17 17 17 18 19 21 18 17 20 26 27 27 23 22 27 21 27 40 40 42 44 43 45 47 50 50 53 55
13 12 12 14 15 16 17 16 16 17 18 19 21 17 17 20 26 27 27 23 22 26 21 27 40 40 42 43 43 45 47 48 51 53
12 12 12 12 14 15 16 16 16 16 17 17 18 20 17 16 20 26 26 27 23 22 26 21 27 39 40 41 43 42 45 46 49 51
11 11 12 12 12 13 15 16 16 16 16 17 17 18 20 17 16 20 25 26 27 23 22 26 21 27 39 40 41 43 42 44 46 49
11 11 11 12 11 12 13 14 15 16 16 16 16 17 18 19 16 16 20 25 26 27 23 22 26 20 26 39 39 41 42 41 44 46
10 11 11 11 11 11 11 13 14 15 15 15 15 16 16 17 19 16 16 20 25 26 26 22 21 25 20 26 38 39 40 41 41 44
10 10 11 10 10 11 11 11 13 14 15 15 15 15 15 16 17 19 16 16 19 24 25 26 22 21 25 20 26 38 38 39 41 41
10 10 10 10 10 10 11 11 11 12 13 14 15 15 14 15 16 17 19 16 16 19 24 25 26 22 21 25 20 26 37 38 39 41
 9  9  9  9 10  9 10 10 10 11 12 13 14 14 14 14 15 15 16 18 15 15 19 24 25 25 22 21 25 20 25 37 37 39
 9  9  9  9  9  9  9  9 10 10 10 12 13 13 14 14 14 15 15 16 18 15 15 18 23 24 25 21 20 24 19 25 36 37
 8  8  8  9  9  8  9  9  9  9 10 10 11 11 12 14 14 13 14 15 16 18 15 15 18 23 24 24 21 20 24 19 24 36
 8  8  8  8  8  8  8  9  8  8  9  9 10 10 11 12 13 13 13 14 14 15 17 14 14 18 22 23 24 20 20 23 18 24
 7  8  7  7  8  8  8  7  8  8  8  9  9  8 10 11 12 13 13 13 14 14 15 17 14 14 17 22 23 23 20 19 23 18
 7  7  7  7  7  7  7  7  7  8  7  8  8  8  8 10 11 11 12 12 12 13 13 15 16 14 14 17 21 22 23 19 19 22
 6  6  6  7  6  7  7  7  7  7  7  7  7  8  8  8  9 10 11 12 12 12 13 13 14 16 13 13 16 21 21 22 19 18
 5  6  6  6  6  6  6  6  6  6  6  7  7  7  7  7  8  9 10 11 11 11 11 12 13 14 15 13 13 16 20 21 21 18
 4  4  5  5  6  6  5  6  6  6  6  6  6  6  7  7  7  7  8  9 10 11 11 11 12 12 13 15 12 12 15 19 20 21
 4  4  4  5  5  5  5  5  5  5  5  5  5  6  6  6  7  7  7  8  9 10 10 10 10 11 11 13 14 12 12 14 19 19
 3  3  4  4  4  4  4  5  4  5  5  5  5  5  6  5  6  6  6  6  8  8  9 10 10 10 10 11 12 13 11 11 14 18
15 16 17 18 19 21 22 23 24 25 26 28 30 30 32 34 36 38 40 41 44 47 50 53 57 61 64 68 72 76 82 85 86 90

